betas: [[-0.29300734400749207, 0.26744017004966736, -0.6309241652488708, -0.5181498527526855, -0.7934508919715881, -0.053162675350904465, -0.6014743447303772, -0.055662162601947784, -0.3414604663848877, -0.12205369770526886, -0.9833245277404785, 0.41421446204185486, 0.10639700293540955, -0.6028721928596497, -0.4186129570007324, -0.3025995194911957, 0.22906768321990967, -0.6195739507675171, -0.5904456973075867, 0.24752195179462433, 0.3272235691547394, 0.29331254959106445, -0.11075377464294434, 0.24903537333011627, -0.42821183800697327, -0.21505819261074066, 0.30017179250717163, -0.18089932203292847, 0.1945459097623825, 0.3536360263824463, -0.03513087332248688, -0.32907333970069885, -0.31620702147483826, 0.12297327071428299, -0.3467661440372467, 0.6839803457260132, -0.12050260603427887, -0.053424421697854996, -0.32715657353401184, 0.3027961850166321, 0.7714934349060059, -0.011195888742804527, -0.3591625392436981, 0.034414734691381454, -0.33258646726608276, -0.468992680311203, -0.10151789337396622, -0.4102078974246979, 0.5790228843688965, 0.40455129742622375, 0.33290451765060425, 0.38962337374687195, 0.12424955517053604, -0.4572313129901886, -0.533990204334259, -0.004505590070039034, -0.480280339717865, -0.287249356508255, -0.6894695162773132, 0.42384153604507446, -0.39827778935432434, 0.7148871421813965, -0.004471307620406151, 0.09997683763504028, -0.6286517381668091, 0.07503055781126022, 0.6387412548065186, 0.2651616632938385, 0.5411871671676636, 0.04179681837558746, 0.28815391659736633, -0.425564169883728, -0.5055462121963501, -0.14644667506217957, 0.425819993019104, -0.17237743735313416, -0.3631060719490051, -0.11111859977245331, 0.4287938177585602, 0.19872848689556122, 0.050182562321424484, -0.4500495493412018, 0.18494100868701935, -0.5505632758140564, -0.33664077520370483, -0.11877238750457764, 0.31966596841812134, 0.25379544496536255, -0.14242607355117798, -0.4793466329574585, -0.4355119466781616, -0.7615402936935425, -0.19261841475963593, 0.3726358413696289, -0.18453553318977356, -0.08301247656345367, 0.31384408473968506, 0.4835945963859558, 0.4976361095905304, -0.5349301099777222, 0.2442156821489334, -0.21213659644126892, 0.45700570940971375, -0.34971174597740173, -0.11245172470808029, 0.16589614748954773, 0.45690295100212097, 0.49635830521583557, 0.3243422210216522, 0.07548536360263824, -0.34978199005126953, -0.32658854126930237, -0.26885250210762024, 0.45936307311058044, -0.2857201397418976, -0.028971342369914055, -0.07052385807037354, -0.5744385123252869, -0.5175818800926208, -0.36152318120002747, -0.45938557386398315, -0.1944676786661148, -0.07022441178560257, 0.03243555873632431, 0.1523193120956421, -0.26923900842666626, -0.19350309669971466, 0.431501179933548, 0.04418085142970085, -0.15952429175376892, 0.046266648918390274, 0.46848049759864807, 0.1953248679637909, -0.08961839973926544, 0.19751982390880585, 0.06627479940652847, 0.41453367471694946, 0.17917756736278534, -0.11257738620042801, 0.3980758488178253, -0.47414857149124146, 0.2766263782978058, 0.1602037101984024, -0.2543562054634094, -0.1145097017288208, 0.01628226600587368, 0.215177521109581, 0.2939566671848297, -0.5412037372589111, 0.019314775243401527, -0.08383569866418839, -0.055449437350034714, 0.2745993733406067, 0.32772549986839294, 0.44621965289115906, -0.32187461853027344, 0.1804545819759369, -0.22238273918628693, 0.30956611037254333, 0.14250800013542175, 0.10135681927204132, 0.03185528516769409, -0.24296902120113373, -0.12500335276126862, -0.32503998279571533, -0.3719218075275421, -0.49648040533065796, -0.20497356355190277, 0.0720159262418747, 0.04888419434428215, 0.290335476398468, 0.2712438404560089, 0.5877327919006348, 0.3247997462749481, -0.3737342357635498, -0.13412584364414215, 0.09405913203954697, 0.2957364320755005, 0.14613160490989685, 0.39237847924232483, -0.3819560110569, -0.2696770131587982, -0.12896855175495148, -0.26141348481178284, -0.572943389415741, -0.3453041911125183, 0.28056836128234863, 0.39277178049087524, 0.22869811952114105, 0.2792541980743408, -0.13840976357460022, 0.5562358498573303, 0.14765134453773499, -0.1973525732755661, -0.2353832870721817, 0.22777476906776428, 0.5659467577934265, -0.45917102694511414, -0.041313961148262024, 0.2847926914691925]]
body_pose: [[[-0.3867570459842682, 0.024929914623498917, 0.08202981948852539], [-0.022214924916625023, -0.06483089178800583, -0.06084734573960304], [0.17490896582603455, 0.007368442136794329, -0.001633856794796884], [0.2799985110759735, 0.037393491715192795, -0.028492428362369537], [0.6546290516853333, 0.0452829971909523, 0.0960962325334549], [-0.06941857188940048, -0.007494298741221428, -0.036532554775476456], [-0.16556532680988312, 0.31632155179977417, -0.36494868993759155], [-0.21336598694324493, -0.18300561606884003, 0.1667776107788086], [0.029661482200026512, 0.005524327978491783, -0.05547857657074928], [0.005202017724514008, 0.06745467334985733, 0.04301471263170242], [-0.05003999546170235, -0.09256811439990997, 0.02505842223763466], [-0.1813659518957138, -0.052503082901239395, 0.04166761413216591], [-0.0015853261575102806, 0.007383942604064941, -0.4203011095523834], [-0.017928553745150566, 0.05162394046783447, 0.20385068655014038], [0.14486068487167358, 0.1736612766981125, 0.049693334847688675], [0.15535248816013336, -0.17095328867435455, -0.8685713410377502], [-0.03011680208146572, 0.27269449830055237, 0.8699992299079895], [0.05684799328446388, -0.7317140102386475, 0.03127419203519821], [-0.07184513658285141, 1.1444425582885742, -0.11650816351175308], [0.06485816091299057, -0.18355952203273773, 0.09567011892795563], [0.10988245159387589, 0.041362471878528595, -0.40779611468315125]]]
bodypose_mat: [[[[0.996372640132904, -0.08465928584337234, 0.008626524358987808], [0.07514289766550064, 0.9228618144989014, 0.3777296543121338], [-0.039939407259225845, -0.37571123242378235, 0.9258757829666138]], [[0.9960501194000244, 0.06148182228207588, -0.06406480073928833], [-0.060042604804039, 0.9979035258293152, 0.02415485866367817], [0.06541557610034943, -0.020212829113006592, 0.9976534843444824]], [[0.9999716281890869, 0.0022682873532176018, 0.0071883355267345905], [-0.000982759171165526, 0.9847410917282104, -0.17402283847332], [-0.007473382167518139, 0.17401081323623657, 0.9847154021263123]], [[0.9989023208618164, 0.03331117331981659, 0.03293094411492348], [-0.022911185398697853, 0.9606598615646362, -0.2767810523509979], [-0.04085533320903778, 0.2757227420806885, 0.9603685736656189]], [[0.9945611953735352, -0.07491884380578995, 0.07235342264175415], [0.10349171608686447, 0.7890191078186035, -0.6055891513824463], [-0.011718189343810081, 0.6097835898399353, 0.7924812436103821]], [[0.9993048906326294, 0.03675474226474762, -0.006219181697815657], [-0.036234766244888306, 0.9969248175621033, 0.06948356330394745], [0.008753906935453415, -0.06920992583036423, 0.9975636601448059]], [[0.885887861251831, 0.3236774802207947, 0.33231839537620544], [-0.37492161989212036, 0.9214293956756592, 0.10198818147182465], [-0.2731966972351074, -0.21494345366954803, 0.9376367926597595]], [[0.9696190357208252, -0.14447355270385742, -0.19739903509616852], [0.18317432701587677, 0.963655412197113, 0.19446197152137756], [0.16213002800941467, -0.22471246123313904, 0.960842490196228]], [[0.9984463453292847, 0.05552361533045769, 0.004698141943663359], [-0.05535980686545372, 0.9980219006538391, -0.029794959351420403], [-0.006343171000480652, 0.02948857843875885, 0.9995450973510742]], [[0.996801495552063, -0.04279329255223274, 0.06749426573514938], [0.04314400628209114, 0.9990618824958801, -0.0037464520428329706], [-0.06727062165737152, 0.006646442227065563, 0.9977126717567444]], [[0.9954060912132263, -0.022695785388350487, -0.09301403909921646], [0.02732337825000286, 0.9984355568885803, 0.048783786594867706], [0.09176134318113327, -0.051101136952638626, 0.9944689869880676]], [[0.9977605938911438, -0.03666214272379875, -0.0559433288872242], [0.04615478217601776, 0.9827390313148499, 0.17914752662181854], [0.048409752547740936, -0.1813284009695053, 0.9822304248809814]], [[0.9129396677017212, 0.4080256521701813, 0.0074966661632061005], [-0.4080371856689453, 0.9129652976989746, 1.002324734145077e-05], [-0.006840106565505266, -0.003068069228902459, 0.999971866607666]], [[0.9779718518257141, -0.20280180871486664, 0.049420956522226334], [0.20187968015670776, 0.9791393280029297, 0.023038040846586227], [-0.05306215584278107, -0.012553469277918339, 0.9985122680664062]], [[0.9837588667869568, -0.03672824427485466, 0.1756969690322876], [0.061772752553224564, 0.988325297832489, -0.13927412033081055], [-0.16853046417236328, 0.1478654444217682, 0.9745425581932068]], [[0.6338546872138977, 0.7438603639602661, -0.21189621090888977], [-0.7686781287193298, 0.6362332105636597, -0.06588856875896454], [0.08580350875854492, 0.20464374125003815, 0.9750686287879944]], [[0.6124046444892883, -0.758086621761322, 0.22419895231723785], [0.7504279017448425, 0.6466549634933472, 0.1367308497428894], [-0.24863319098949432, 0.08451053500175476, 0.9649038910865784]], [[0.7436535954475403, -0.048416078090667725, -0.6668098568916321], [0.008656801655888557, 0.9979881048202515, -0.06280802935361862], [0.6685091853141785, 0.0409349724650383, 0.7425765991210938]], [[0.40842124819755554, 0.05561507120728493, 0.9110975861549377], [-0.12912873923778534, 0.9916242361068726, -0.0026455302722752094], [-0.9036137461662292, -0.11656840145587921, 0.41218191385269165]], [[0.9786604642868042, -0.10085096955299377, -0.1790330410003662], [0.08899226039648056, 0.9933465123176575, -0.07309693098068237], [0.18521372973918915, 0.05560452118515968, 0.9811239242553711]], [[0.9172488451004028, 0.3979049623012543, 0.018061555922031403], [-0.39342769980430603, 0.9121444821357727, -0.1149219423532486], [-0.062202755361795425, 0.09830610454082489, 0.9932103157043457]]]]
global_orient: [[[3.115607500076294, 0.014500335790216923, 0.1628381609916687]]]
globalorient_mat: [[[[0.9945091605186462, 0.00814907904714346, 0.10433216392993927], [0.0104140043258667, -0.9997214078903198, -0.021182512864470482], [0.10413047671318054, 0.022152716293931007, -0.9943169355392456]]]]
transl: [[0.02100876346230507, 0.2530377507209778, 0.009585155174136162]]
expression: [[-0.5389595031738281, -0.029132939875125885, 0.1831457018852234, -0.19962841272354126, -0.3957267701625824, -0.5828220844268799, -0.21925975382328033, 0.362857460975647, 0.2625596225261688, -0.1863083392381668, 0.18869559466838837, 0.3880096971988678, 0.2640506625175476, -0.4039918780326843, 0.3390193283557892, 0.018356872722506523, -0.11387285590171814, 0.04627911001443863, -0.13941353559494019, 0.0627940222620964, -0.030277030542492867, 0.009959779679775238, -0.1166856586933136, -0.09375665336847305, -0.10984226316213608, 0.07496578246355057, -0.0075690969824790955, 0.11416244506835938, 0.009598873555660248, -0.08660584688186646, -0.05831532925367355, -0.15823021531105042, -0.022398721426725388, 0.05335834249854088, 0.12240149825811386, 0.0293972659856081, 0.05577390640974045, -0.028653278946876526, -0.050899721682071686, -0.14140480756759644, -0.06879954785108566, 0.03557218611240387, 0.002346297260373831, -0.029389381408691406, -0.056398019194602966, 0.013457868248224258, -0.002201732248067856, 0.12853218615055084, 0.04421607404947281, -0.04033207520842552]]
jaw_pose: [[[0.041255511343479156, 0.0027540253940969706, -0.0001904512755572796]]]
left_hand_pose: [[[0.029192721471190453, 0.0871054083108902, -0.05794232711195946], [-0.03291410952806473, -0.054760079830884933, 0.1516508162021637], [0.08497905731201172, 0.005881910212337971, 0.12572509050369263], [0.29936838150024414, -0.07452220469713211, -0.08082341402769089], [-0.1531166136264801, 0.038296692073345184, 0.09960447996854782], [-0.02218468114733696, -0.06053256243467331, 0.11365924775600433], [0.25404468178749084, -0.11481866985559464, -0.23409950733184814], [0.08511834591627121, 0.09352639317512512, -0.009858486242592335], [-0.07135813683271408, -0.022749485448002815, 0.442097544670105], [0.27876412868499756, -0.0773349329829216, -0.11702074110507965], [-0.09738603979349136, 0.0741247832775116, 0.19619783759117126], [-0.047879062592983246, -0.15593035519123077, 0.07103361934423447], [0.39229708909988403, 0.058809153735637665, 0.16933348774909973], [-0.5096549987792969, 0.044214822351932526, -0.23109780251979828], [0.3415136933326721, -0.08601205050945282, 0.07516077160835266]]]
right_hand_pose: [[[-0.04367813467979431, -0.08783015608787537, 0.6703993082046509], [0.2547232210636139, 0.07640650123357773, 0.6315089464187622], [-0.1460389792919159, 0.11841513216495514, 0.10944423824548721], [-0.04849608987569809, 0.0744006484746933, 0.9075676798820496], [-0.19028523564338684, 0.027311770245432854, 0.39133867621421814], [-0.01898040808737278, 0.10528431832790375, 0.3488524556159973], [-0.006795364897698164, 0.3663230240345001, 0.6262131929397583], [-0.43833693861961365, 0.12646982073783875, 0.3243444561958313], [-0.19933539628982544, 0.17538897693157196, 0.1038055494427681], [0.04671471565961838, 0.14739911258220673, 0.7860369682312012], [-0.37992411851882935, 0.1369139552116394, 0.4241030812263489], [-0.16752490401268005, 0.18596740067005157, 0.418520450592041], [0.5139359831809998, -0.009488648734986782, -0.19531652331352234], [-0.4675425589084625, -0.03550051897764206, 0.3919413387775421], [0.4877582788467407, -0.24144746363162994, -0.05278198793530464]]]
scale: [[1.0258349180221558]]
smpl_joints: [[0.024090860038995743, -0.08864179998636246, -0.021312516182661057], [0.0749710351228714, 0.004873891361057758, -0.04930359125137329], [-0.03777465224266052, 0.016001980751752853, -0.03202971816062927], [0.01942402310669422, -0.19956649839878082, -0.051370278000831604], [0.17445865273475647, 0.35391154885292053, 0.08447060734033585], [-0.10908171534538269, 0.3768732249736786, -0.025937752798199654], [0.03143005818128586, -0.3332780599594116, -0.04001636430621147], [0.15094830095767975, 0.7609642148017883, 0.11309710890054703], [-0.09905106574296951, 0.7052379250526428, -0.27837350964546204], [0.026308385655283928, -0.3855223059654236, -0.010590244084596634], [0.23284173011779785, 0.803766667842865, 0.22026020288467407], [-0.14340052008628845, 0.8115636110305786, -0.19781485199928284], [0.030274197459220886, -0.548416256904602, -0.018196476623415947], [0.08100178837776184, -0.46376553177833557, -0.011912397108972073], [-0.011914405971765518, -0.4734444320201874, -0.006840548478066921], [0.06558128446340561, -0.7039744257926941, -0.010928834788501263], [0.20784233510494232, -0.45218753814697266, -0.044090189039707184], [-0.11942178755998611, -0.513176441192627, 0.001516265794634819], [0.18303127586841583, -0.1887665092945099, -0.10374744981527328], [-0.2346886694431305, -0.26149889826774597, 0.037551429122686386], [0.2203267514705658, 0.007465211674571037, 0.06184930354356766], [-0.2349887639284134, -0.19509416818618774, 0.28477197885513306], [0.24161241948604584, 0.1360751837491989, 0.2036522775888443], [-0.21417570114135742, -0.14530029892921448, 0.4329082667827606]]
