betas: [[-0.2267003357410431, 0.26269444823265076, -0.6080002188682556, -0.5385542511940002, -0.7975375652313232, -0.07933744788169861, -0.6105786561965942, 0.00887619610875845, -0.3954034149646759, 0.03868242725729942, -1.0133353471755981, 0.3694249391555786, 0.1086365357041359, -0.5627281665802002, -0.41836199164390564, -0.23047219216823578, 0.19348229467868805, -0.623960018157959, -0.4465959668159485, 0.25521403551101685, 0.3488623797893524, 0.26261797547340393, -0.1431812196969986, 0.21718712151050568, -0.3378112018108368, -0.10951962321996689, 0.2964905798435211, -0.14401875436306, 0.23926450312137604, 0.2842802107334137, 0.008523396216332912, -0.26289665699005127, -0.33785131573677063, 0.21714963018894196, -0.38907286524772644, 0.6931414604187012, -0.13827095925807953, -0.10384339094161987, -0.17552125453948975, 0.30458131432533264, 0.6976615786552429, -0.02971518598496914, -0.24693846702575684, 0.08613400161266327, -0.4178641438484192, -0.45884230732917786, -0.19555003941059113, -0.34654027223587036, 0.5497584939002991, 0.37178125977516174, 0.3509996831417084, 0.17185428738594055, 0.12934750318527222, -0.46231356263160706, -0.5485203266143799, 0.03817468136548996, -0.4089300036430359, -0.2798526883125305, -0.7058359980583191, 0.4030255973339081, -0.4718790054321289, 0.6619311571121216, 0.03031512349843979, 0.1502619832754135, -0.5519890189170837, 0.027232009917497635, 0.5206577181816101, 0.23890672624111176, 0.4354218542575836, 0.08108507096767426, 0.2502008080482483, -0.28213292360305786, -0.5685696005821228, -0.035999976098537445, 0.3927851915359497, -0.07035519182682037, -0.3425590395927429, -0.13687875866889954, 0.39227303862571716, 0.15874280035495758, 0.12065649032592773, -0.42900702357292175, 0.1459892988204956, -0.5453605055809021, -0.23682262003421783, 0.03387448936700821, 0.2558217942714691, 0.2323080599308014, -0.23212680220603943, -0.48066747188568115, -0.4366755783557892, -0.7366838455200195, -0.14970992505550385, 0.2512054443359375, -0.10740623623132706, -0.1042044535279274, 0.235538050532341, 0.40332168340682983, 0.36451804637908936, -0.5180804133415222, 0.2410123497247696, -0.11211114376783371, 0.4611302614212036, -0.2712206542491913, -0.10444549471139908, 0.2385019212961197, 0.4791555404663086, 0.4043997526168823, 0.2840385437011719, 0.08669779449701309, -0.29550841450691223, -0.2373882681131363, -0.2131352573633194, 0.4286731481552124, -0.27119606733322144, 0.07670123875141144, -0.0061631351709365845, -0.5448289513587952, -0.5202430486679077, -0.3550993502140045, -0.45232194662094116, -0.1160028949379921, -0.019336946308612823, 0.056878712028265, 0.12743377685546875, -0.22924299538135529, -0.20423205196857452, 0.42088720202445984, 0.004959391430020332, -0.24947388470172882, 0.08057592809200287, 0.3991868197917938, 0.17359426617622375, -0.13721507787704468, 0.10993634164333344, 0.010488700121641159, 0.3774292469024658, 0.17148850858211517, -0.10761979967355728, 0.5176721215248108, -0.459488183259964, 0.2743367552757263, 0.12034793198108673, -0.17057715356349945, 0.021781690418720245, 0.17811816930770874, 0.13397951424121857, 0.223127081990242, -0.4291771352291107, 0.019294342026114464, -0.11331190168857574, -0.03733104467391968, 0.24045735597610474, 0.3562007546424866, 0.48119235038757324, -0.27145522832870483, 0.11034861207008362, -0.2604003846645355, 0.3637908101081848, 0.10171587020158768, 0.0652705579996109, 0.0737539753317833, -0.265994668006897, -0.13820865750312805, -0.2713989019393921, -0.3396289646625519, -0.47836366295814514, -0.14241847395896912, 0.08407812565565109, 0.0019274625228717923, 0.31403806805610657, 0.23833991587162018, 0.48995232582092285, 0.2998819947242737, -0.31482815742492676, -0.15573030710220337, 0.20842638611793518, 0.15493911504745483, 0.1370491236448288, 0.4550469219684601, -0.32201704382896423, -0.27755382657051086, -0.0503927618265152, -0.10947014391422272, -0.4925466775894165, -0.3439468741416931, 0.23652797937393188, 0.29504114389419556, 0.18224550783634186, 0.2273682802915573, -0.13869233429431915, 0.2800046503543854, 0.09888774901628494, -0.3299174904823303, -0.24155737459659576, 0.1333502233028412, 0.5669366717338562, -0.3626006245613098, -0.023639485239982605, 0.20493654906749725]]
body_pose: [[[-0.39931008219718933, 0.022669054567813873, 0.08085418492555618], [-0.028960267081856728, -0.06862073391675949, -0.06197922304272652], [0.17447657883167267, 0.016098324209451675, -0.0002002619148697704], [0.29157018661499023, 0.04078452289104462, -0.03421423211693764], [0.6607810258865356, 0.04389854893088341, 0.09315933287143707], [-0.08161573857069016, -0.0029278984293341637, -0.057560887187719345], [-0.16932819783687592, 0.3256576955318451, -0.363697350025177], [-0.2167220562696457, -0.20005583763122559, 0.1892688274383545], [0.020594118162989616, 0.006571036763489246, -0.04421120136976242], [-0.022711532190442085, 0.06807928532361984, 0.03750457242131233], [-0.01414349302649498, -0.0883585587143898, -0.012294864282011986], [-0.189088374376297, -0.06530995666980743, 0.04433995485305786], [-0.013094763271510601, 0.005002242047339678, -0.41506221890449524], [-0.026921307668089867, 0.06010161712765694, 0.2055908888578415], [0.12063305079936981, 0.1419588327407837, 0.05078147351741791], [0.13187628984451294, -0.2019273191690445, -0.8582075834274292], [-0.05003254860639572, 0.2806277275085449, 0.8801367878913879], [0.06223791837692261, -0.6956952810287476, 0.04781308025121689], [-0.09652479737997055, 1.0867916345596313, -0.10150785744190216], [0.09953241050243378, -0.2492981106042862, 0.1363823413848877], [0.05607974901795387, 0.06327751278877258, -0.45496463775634766]]]
bodypose_mat: [[[[0.9965230822563171, -0.08309261500835419, 0.00612499937415123], [0.07416556030511856, 0.9181521534919739, 0.38922494649887085], [-0.03796540945768356, -0.3874173164367676, 0.9211224317550659]], [[0.9957281947135925, 0.06287514418363571, -0.06761664152145386], [-0.06088942661881447, 0.9976617693901062, 0.03103983961045742], [0.06941017508506775, -0.026790108531713486, 0.9972283840179443]], [[0.999870777130127, 0.0016000441974028945, 0.015998652204871178], [0.0012015666579827666, 0.9848178625106812, -0.17358678579330444], [-0.016033504158258438, 0.17358355224132538, 0.9846886992454529]], [[0.998593270778656, 0.039617862552404404, 0.03523848578333855], [-0.027813108637928963, 0.957222580909729, -0.2880125343799591], [-0.04514152184128761, 0.28662732243537903, 0.956977903842926]], [[0.994891881942749, -0.07239780575037003, 0.07034756988286972], [0.10034003108739853, 0.7855204343795776, -0.6106468439102173], [-0.011049960739910603, 0.6145862340927124, 0.7887722849845886]], [[0.9983404874801636, 0.05758454650640488, -0.0005760457133874297], [-0.05734578147530556, 0.9950169920921326, 0.08156421035528183], [0.005270013120025396, -0.08139581978321075, 0.9966679811477661]], [[0.8834635615348816, 0.32076403498649597, 0.34147119522094727], [-0.374690979719162, 0.9213008284568787, 0.10397859662771225], [-0.28124508261680603, -0.2198074758052826, 0.9341230988502502]], [[0.9624640941619873, -0.16396112740039825, -0.2162862867116928], [0.20687569677829742, 0.9590263366699219, 0.1935739517211914], [0.17568565905094147, -0.23105232417583466, 0.9569479823112488]], [[0.9990013837814331, 0.044261012226343155, 0.006113230716437101], [-0.04412570223212242, 0.9988108277320862, -0.020731031894683838], [-0.007023537531495094, 0.02044057659804821, 0.99976646900177]], [[0.9969809651374817, -0.038236264139413834, 0.0675792396068573], [0.03669092804193497, 0.9990392923355103, 0.02396266534924507], [-0.06843056529760361, -0.021410776302218437, 0.9974260926246643]], [[0.9960235357284546, 0.012902578338980675, -0.08815158158540726], [-0.011653728783130646, 0.999824583530426, 0.014667079783976078], [0.08832535147666931, -0.013581461273133755, 0.9959991574287415]], [[0.9968951940536499, -0.03787723183631897, -0.06903133541345596], [0.050183434039354324, 0.9812057018280029, 0.18632513284683228], [0.060676459223032, -0.18921084702014923, 0.9800600409507751]], [[0.9150803089141846, 0.40320125222206116, 0.007538421079516411], [-0.4032657742500305, 0.9150081872940063, 0.01169829536229372], [-0.0021809495519846678, -0.013744866475462914, 0.9999032616615295]], [[0.9771490097045898, -0.20480360090732574, 0.05687921866774559], [0.2031918317079544, 0.9785872101783752, 0.03286690264940262], [-0.06239252910017967, -0.020558470860123634, 0.9978399276733398]], [[0.988669753074646, -0.04193061590194702, 0.14413180947303772], [0.05900239944458008, 0.9914610981941223, -0.1162915900349617], [-0.13802488148212433, 0.12347809970378876, 0.9827015995979309]], [[0.6364181041717529, 0.7365159392356873, -0.2291642725467682], [-0.7614279389381409, 0.6473556756973267, -0.03403112664818764], [0.12328632920980453, 0.19615009427070618, 0.9727926850318909]], [[0.6028823852539062, -0.7663842439651489, 0.2217835783958435], [0.7533169984817505, 0.6383640170097351, 0.15812936425209045], [-0.2627664804458618, 0.07173991948366165, 0.962188720703125]], [[0.7666313648223877, -0.06478109955787659, -0.6388111710548401], [0.02322239615023136, 0.9970439672470093, -0.07324007153511047], [0.641667366027832, 0.04131341353058815, 0.7658695578575134]], [[0.4615623652935028, 0.034970663487911224, 0.8864182233810425], [-0.12978756427764893, 0.9911327958106995, 0.028479209169745445], [-0.8775621056556702, -0.1281909942626953, 0.46200835704803467]], [[0.9599292874336243, -0.14664418995380402, -0.23881229758262634], [0.12201785296201706, 0.985853910446167, -0.11490723490715027], [0.25228452682495117, 0.0811634510755539, 0.9642432332038879]], [[0.8963708281517029, 0.44064268469810486, 0.048512063920497894], [-0.43715694546699524, 0.8967927098274231, -0.06823904067277908], [-0.07357430458068848, 0.0399600975215435, 0.9964888095855713]]]]
global_orient: [[[3.1225924491882324, 0.011887924745678902, 0.13123489916324615]]]
globalorient_mat: [[[[0.9964450001716614, 0.006919000763446093, 0.0839618518948555], [0.008281205780804157, -0.9998395442962646, -0.015886710956692696], [0.08383845537900925, 0.01652553677558899, -0.9963424205780029]]]]
transl: [[0.0195647943764925, 0.25504007935523987, -0.03164976090192795]]
expression: [[-0.47183945775032043, -0.04189527779817581, 0.16729040443897247, -0.1940707266330719, -0.41176262497901917, -0.5825248956680298, -0.2203872948884964, 0.3592628836631775, 0.26410263776779175, -0.17372632026672363, 0.17226387560367584, 0.3969588577747345, 0.2660629451274872, -0.4063204824924469, 0.35820525884628296, 0.0023335423320531845, -0.14361262321472168, 0.05048022419214249, -0.1469261348247528, 0.08378297835588455, -0.03306775540113449, -0.004693806171417236, -0.10678411275148392, -0.09777417033910751, -0.12375431507825851, 0.07811705023050308, 0.005758099257946014, 0.1185554713010788, -0.009306587278842926, -0.08098554611206055, -0.05302697420120239, -0.1443823277950287, -0.006438438314944506, 0.050480205565690994, 0.13030467927455902, 0.026953065767884254, 0.06094703823328018, -0.0283501036465168, -0.048911478370428085, -0.11681544780731201, -0.07301151007413864, 0.04048093408346176, 0.00777319585904479, -0.02984561398625374, -0.055378422141075134, 0.02539192885160446, 0.0033055581152439117, 0.12481164932250977, 0.03999790549278259, -0.03735041990876198]]
jaw_pose: [[[0.04082944616675377, 0.0025987615808844566, -1.8553490008343942e-05]]]
left_hand_pose: [[[0.04758163169026375, 0.25191059708595276, -0.13321971893310547], [0.08801862597465515, -0.0677998811006546, 0.049120232462882996], [-0.0248199962079525, -0.0007273195078596473, 0.01209433376789093], [0.21245524287223816, 0.01364158559590578, -0.23439231514930725], [-0.09846431016921997, 0.02197352424263954, 0.04062829166650772], [0.012995035387575626, -0.03792465478181839, -0.03722987323999405], [0.11957382410764694, -0.3799293339252472, -0.3153509497642517], [0.010443400591611862, 0.07055295258760452, -0.11406958848237991], [-0.12077151238918304, 0.005216903984546661, 0.2848351299762726], [0.20701943337917328, -0.10918323695659637, -0.28510650992393494], [-0.12331917136907578, 0.038268256932497025, 0.08150336146354675], [-0.05875368043780327, -0.13437509536743164, -0.07174679636955261], [0.4523063898086548, 0.20778776705265045, 0.18744392693042755], [-0.4850662648677826, 0.06756024807691574, -0.2833271920681], [0.4627861976623535, -0.011446954682469368, 0.21214868128299713]]]
right_hand_pose: [[[-0.003477588528767228, -0.07730496674776077, 0.6555992364883423], [0.22024476528167725, 0.07880834490060806, 0.7046689391136169], [-0.10796383023262024, 0.11970563977956772, 0.136749729514122], [-0.05786484479904175, 0.03772793710231781, 0.8497734665870667], [-0.20560036599636078, 0.014483696781098843, 0.4874703586101532], [-0.03886488452553749, 0.10109264403581619, 0.3655031621456146], [-0.08208607882261276, 0.29719117283821106, 0.6274710893630981], [-0.4197048842906952, 0.1142909973859787, 0.37809762358665466], [-0.2549103796482086, 0.15855532884597778, 0.09123427420854568], [0.025525225326418877, 0.11537254601716995, 0.7537896037101746], [-0.3857053220272064, 0.10793881863355637, 0.48242834210395813], [-0.19090476632118225, 0.19137658178806305, 0.42933622002601624], [0.6316143274307251, -0.009950853884220123, -0.1212979406118393], [-0.4725573658943176, -0.03608668968081474, 0.3176966905593872], [0.5338599681854248, -0.272465318441391, 0.0690230205655098]]]
scale: [[1.0213791131973267]]
smpl_joints: [[0.022199222818017006, -0.09047943353652954, 0.021581996232271194], [0.07337319105863571, 0.0026630577631294727, -0.005728674121201038], [-0.0387900285422802, 0.014074129983782768, 0.009196161292493343], [0.017971931025385857, -0.2014763504266739, -0.0078118029050529], [0.17035360634326935, 0.34964391589164734, 0.13306759297847748], [-0.10966505110263824, 0.3742874264717102, 0.01458942424505949], [0.029300782829523087, -0.33550938963890076, 0.004324548877775669], [0.14369066059589386, 0.7566218376159668, 0.15964673459529877], [-0.09413129091262817, 0.7014807462692261, -0.23906517028808594], [0.024992968887090683, -0.38837212324142456, 0.03355145454406738], [0.22452500462532043, 0.800232470035553, 0.2677713632583618], [-0.14171180129051208, 0.8084942102432251, -0.16091710329055786], [0.0294213704764843, -0.5512409210205078, 0.023208262398838997], [0.08003919571638107, -0.4664701223373413, 0.031190479174256325], [-0.013113557361066341, -0.47654515504837036, 0.035760462284088135], [0.06464003771543503, -0.7067078351974487, 0.026990650221705437], [0.20742586255073547, -0.45450064539909363, -0.0003091965336352587], [-0.12093446403741837, -0.5165424346923828, 0.04376897215843201], [0.18586894869804382, -0.18814964592456818, -0.043073490262031555], [-0.23155376315116882, -0.26514431834220886, 0.08985248953104019], [0.23080959916114807, 0.0010254753287881613, 0.1285376250743866], [-0.23933106660842896, -0.19745582342147827, 0.33643612265586853], [0.24606730043888092, 0.12614600360393524, 0.2747269570827484], [-0.2256302833557129, -0.15573617815971375, 0.4862019717693329]]
