betas: [[-0.2809355854988098, 0.23462948203086853, -0.6222973465919495, -0.5007607936859131, -0.8650351166725159, -0.10625861585140228, -0.6768168807029724, 0.02893894352018833, -0.3629898726940155, -0.06074121966958046, -1.0193350315093994, 0.47793540358543396, 0.018538551405072212, -0.6626314520835876, -0.3882361650466919, -0.14182165265083313, 0.20139920711517334, -0.5708144307136536, -0.48737630248069763, 0.36039915680885315, 0.49636855721473694, 0.219733327627182, -0.20777733623981476, 0.15013006329536438, -0.38221174478530884, -0.21959592401981354, 0.3542049825191498, -0.06692291051149368, 0.2714901566505432, 0.31522712111473083, -0.07878326624631882, -0.23791182041168213, -0.35562437772750854, 0.27484679222106934, -0.5824303030967712, 0.8071929216384888, -0.13352560997009277, -0.12254975736141205, -0.24594709277153015, 0.3975706398487091, 0.6844071745872498, 0.03744017332792282, -0.2326153665781021, 0.0013609168818220496, -0.3685845136642456, -0.39603719115257263, -0.04808495193719864, -0.374173641204834, 0.8103564381599426, 0.39588481187820435, 0.46697691082954407, 0.20263800024986267, 0.25161951780319214, -0.3990130126476288, -0.6091542840003967, 0.15652674436569214, -0.44612744450569153, -0.21807517111301422, -0.7706884741783142, 0.4053046405315399, -0.5523073673248291, 0.7717092037200928, -0.08784595131874084, 0.0885317251086235, -0.4375895857810974, 0.00911013875156641, 0.628786563873291, 0.15344247221946716, 0.5047324299812317, 0.15472063422203064, 0.1558917611837387, -0.33219099044799805, -0.5939927697181702, -0.04560254141688347, 0.30621084570884705, -0.07253585010766983, -0.3851097822189331, -0.24761196970939636, 0.3518120348453522, 0.14310844242572784, 0.12593214213848114, -0.3372393846511841, 0.05052955821156502, -0.4770330488681793, -0.17576617002487183, 0.16995911300182343, 0.19062495231628418, 0.4586608409881592, -0.08360704779624939, -0.508663535118103, -0.30179059505462646, -0.9067815542221069, -0.22599241137504578, 0.21568851172924042, 0.012740274891257286, -0.17260992527008057, 0.14750388264656067, 0.46757686138153076, 0.31962794065475464, -0.4905797839164734, 0.33391207456588745, -0.2150120586156845, 0.4691343605518341, -0.3556675314903259, -0.18563319742679596, 0.14222243428230286, 0.5680606365203857, 0.4630572199821472, 0.31258517503738403, 0.13780701160430908, -0.4683801829814911, -0.21733450889587402, -0.10833971947431564, 0.31668174266815186, -0.24094201624393463, 0.06610064953565598, 0.04113788157701492, -0.5430967211723328, -0.5620746612548828, -0.4257987439632416, -0.44479912519454956, -0.13310585916042328, -0.08592430502176285, 0.01689690165221691, 0.12911196053028107, -0.26956385374069214, -0.19405345618724823, 0.47312599420547485, -0.07595711946487427, -0.21312838792800903, 0.09516189992427826, 0.4860980212688446, 0.24890489876270294, -0.06849514693021774, 0.17008787393569946, 0.011342054232954979, 0.38234564661979675, 0.18148790299892426, -0.026326514780521393, 0.5764898061752319, -0.4825129508972168, 0.3100129961967468, -0.009408876299858093, -0.23555585741996765, -0.07201042026281357, 0.14959248900413513, 0.1806328445672989, 0.29111361503601074, -0.5229460597038269, -0.1367030143737793, -0.19016854465007782, -0.021861286833882332, 0.2901913523674011, 0.26358410716056824, 0.6046287417411804, -0.562190055847168, 0.14657294750213623, -0.29554471373558044, 0.37044599652290344, 0.029986292123794556, 0.09440304338932037, 0.0767950713634491, -0.42501240968704224, -0.06974523514509201, -0.274318665266037, -0.24641594290733337, -0.4743225872516632, -0.19217170774936676, 0.04333217069506645, 0.04225609079003334, 0.47520172595977783, 0.14828239381313324, 0.630614161491394, 0.322540283203125, -0.33883923292160034, -0.15940487384796143, 0.1397506594657898, 0.16670143604278564, 0.19298556447029114, 0.3732178807258606, -0.361771821975708, -0.14141280949115753, -0.07271058112382889, -0.019744090735912323, -0.5243839025497437, -0.38143089413642883, 0.2516593039035797, 0.19559302926063538, 0.06377644836902618, 0.22184498608112335, -0.03497730940580368, 0.21285401284694672, 0.04263360798358917, -0.3823435306549072, -0.13041648268699646, 0.10451453924179077, 0.5795220732688904, -0.5298770070075989, -0.017694447189569473, 0.2453399896621704]]
body_pose: [[[-0.41214385628700256, 0.021277878433465958, 0.06765127927064896], [-0.007797034922987223, -0.07085322588682175, -0.04829993471503258], [0.18013329803943634, 0.029268968850374222, -0.009766633622348309], [0.3227386772632599, 0.035784173756837845, -0.02853059582412243], [0.6251001358032227, 0.04283677786588669, 0.09027251601219177], [-0.07370209693908691, 0.00705306651070714, -0.044632986187934875], [-0.14989414811134338, 0.2991187274456024, -0.37716934084892273], [-0.2608127295970917, -0.20817691087722778, 0.17718982696533203], [0.016794608905911446, 0.019802557304501534, -0.03619924560189247], [-0.018111364915966988, 0.02075979672372341, 0.040576305240392685], [-0.02021128125488758, -0.0713268294930458, -0.025999201461672783], [-0.17166277766227722, -0.07465814799070358, 0.048599425703287125], [-0.006549596320837736, -0.0002853447513189167, -0.3768172264099121], [-0.04379381984472275, 0.0925716832280159, 0.17770369350910187], [0.09878577291965485, 0.11560060828924179, 0.014624051749706268], [0.16410817205905914, -0.23072412610054016, -0.8764981627464294], [-0.07885034382343292, 0.28926458954811096, 0.8583675622940063], [0.04029310494661331, -0.7246418595314026, 0.02583947964012623], [-0.10957638174295425, 0.9801363348960876, -0.0984787568449974], [0.029492972418665886, -0.23345857858657837, 0.20217035710811615], [0.03519343584775925, 0.08222546428442001, -0.45292818546295166]]]
bodypose_mat: [[[[0.997521698474884, -0.0700177401304245, 0.0069240303710103035], [0.06137525662779808, 0.914044201374054, 0.4009442925453186], [-0.03440207988023758, -0.3995257019996643, 0.9160763025283813]], [[0.9963257312774658, 0.04851633310317993, -0.07057753205299377], [-0.047964226454496384, 0.9988038539886475, 0.009497451595962048], [0.07095389813184738, -0.00607735849916935, 0.9974610209465027]], [[0.9995253086090088, 0.012341184541583061, 0.028229109942913055], [-0.00708352867513895, 0.9837735295295715, -0.1792747676372528], [-0.029983514919877052, 0.1789897084236145, 0.9833939671516418]], [[0.9989619851112366, 0.033751536160707474, 0.0305904783308506], [-0.02230450138449669, 0.9479759335517883, -0.31755948066711426], [-0.039717160165309906, 0.31654754281044006, 0.9477447271347046]], [[0.9951725006103516, -0.0714154988527298, 0.06731750071048737], [0.09731043130159378, 0.807122528553009, -0.5823091268539429], [-0.012747570872306824, 0.5860486626625061, 0.8101755976676941]], [[0.9989796876907349, 0.04431765526533127, 0.008688031695783138], [-0.04483715444803238, 0.9962902665138245, 0.07345300912857056], [-0.005400536116212606, -0.07376761734485626, 0.9972608089447021]], [[0.8865692615509033, 0.3394448161125183, 0.31428030133247375], [-0.38333919644355774, 0.9193674921989441, 0.08839955925941467], [-0.25893232226371765, -0.19884830713272095, 0.9452054500579834]], [[0.9630754590034485, -0.14617781341075897, -0.2260921150445938], [0.19983014464378357, 0.9508787989616394, 0.23642630875110626], [0.18042591214179993, -0.27287641167640686, 0.9449787735939026]], [[0.999148964881897, 0.036353543400764465, 0.01949208416044712], [-0.03602100908756256, 0.9992039203643799, -0.01714741624891758], [-0.020099936053156853, 0.016430694609880447, 0.9996630549430847]], [[0.9989613890647888, -0.0407479926943779, 0.020384103059768677], [0.040372077375650406, 0.9990130662918091, 0.018525196239352226], [-0.02111884579062462, -0.017683010548353195, 0.9996205568313599]], [[0.9971197247505188, 0.02669289894402027, -0.07099088281393051], [-0.02525203302502632, 0.9994580745697021, 0.02111724391579628], [0.07151608914136887, -0.01926375739276409, 0.99725341796875]], [[0.9960445165634155, -0.041908957064151764, -0.07835196703672409], [0.0546850860118866, 0.9841345548629761, 0.16878610849380493], [0.07003522664308548, -0.17240314185619354, 0.9825336337089539]], [[0.9298406839370728, 0.3679611384868622, 0.0009408256155438721], [-0.36795926094055176, 0.9298195242881775, 0.006448776926845312], [0.001498101162724197, -0.00634252093732357, 0.9999787211418152]], [[0.9799962639808655, -0.1784803718328476, 0.08804649859666824], [0.17444050312042236, 0.9833104014396667, 0.05168380215764046], [-0.09580157697200775, -0.03529105335474014, 0.9947746992111206]], [[0.993224561214447, -0.008868486620485783, 0.11587244272232056], [0.02026599645614624, 0.9950234293937683, -0.0975583866238594], [-0.11443059891462326, 0.09924564510583878, 0.988461434841156]], [[0.6174895763397217, 0.7400813102722168, -0.26643258333206177], [-0.7753425240516663, 0.6297367811203003, -0.04770275950431824], [0.1324784755706787, 0.23603248596191406, 0.9626724123954773]], [[0.6172594428062439, -0.7555341124534607, 0.21945148706436157], [0.7342541813850403, 0.6533921360969543, 0.18425388634204865], [-0.28259798884391785, 0.04740072041749954, 0.9580665230751038]], [[0.7484658360481262, -0.03759593516588211, -0.6621068120002747], [0.009658759459853172, 0.9989038109779358, -0.04580147936940193], [0.6631030440330505, 0.027885710820555687, 0.7480084896087646]], [[0.55325847864151, 0.0336834117770195, 0.8323284387588501], [-0.1325739175081253, 0.9900073409080505, 0.048058927059173584], [-0.8223924040794373, -0.13693402707576752, 0.5521954894065857]], [[0.9526934027671814, -0.20235811173915863, -0.2267742156982422], [0.19552776217460632, 0.9792954921722412, -0.05243268609046936], [0.23268915712833405, 0.005611615255475044, 0.9725349545478821]], [[0.8959161043167114, 0.4384303689002991, 0.07150597870349884], [-0.43558764457702637, 0.8986285924911499, -0.05224919319152832], [-0.08716496080160141, 0.01566377468407154, 0.9960706830024719]]]]
global_orient: [[[3.1070716381073, 0.011063659563660622, 0.13654111325740814]]]
globalorient_mat: [[[[0.996120810508728, 0.005723193287849426, 0.08781030774116516], [0.008488845080137253, -0.9994785189628601, -0.03115476854145527], [0.08758620917797089, 0.031779319047927856, -0.9956499338150024]]]]
transl: [[0.016364123672246933, 0.24468520283699036, -0.04489005729556084]]
expression: [[-0.5642490386962891, -0.057569004595279694, 0.1710423231124878, -0.16335678100585938, -0.35389387607574463, -0.5776050686836243, -0.24070166051387787, 0.3331931531429291, 0.23552975058555603, -0.13244320452213287, 0.1051429957151413, 0.4114958941936493, 0.20499831438064575, -0.3527354598045349, 0.3042944371700287, -0.0019999276846647263, -0.09236152470111847, 0.04138627648353577, -0.14697599411010742, 0.09138250350952148, -0.052611708641052246, 0.020720642060041428, -0.09667060524225235, -0.05687578767538071, -0.07943908125162125, 0.08178624510765076, -0.027909137308597565, 0.10594414919614792, 0.0052610114216804504, -0.09787143766880035, -0.0747947096824646, -0.17618347704410553, -0.02443273738026619, 0.04183674231171608, 0.12099400162696838, 0.027969108894467354, 0.05927824229001999, -0.053783729672431946, -0.04546375945210457, -0.1339787393808365, -0.04595530778169632, 0.020700670778751373, -0.022007452324032784, -0.025322292000055313, -0.03875235468149185, 0.025948811322450638, 0.004710935056209564, 0.11447623372077942, 0.05554787069559097, -0.045647118240594864]]
jaw_pose: [[[0.04413316398859024, 0.002116567688062787, 0.0006129234679974616]]]
left_hand_pose: [[[0.010389385744929314, 0.29711827635765076, -0.2324061095714569], [0.1543259173631668, -0.05667385831475258, -0.04629287123680115], [-0.0788508728146553, -0.031675104051828384, -0.12160419672727585], [0.153283953666687, 0.05537885054945946, -0.4206966757774353], [-0.08484690636396408, -0.004199710674583912, -0.017711393535137177], [0.0266463253647089, -0.05414086952805519, -0.1735428273677826], [0.1156211718916893, -0.502314567565918, -0.4157120883464813], [-0.10318470001220703, 0.04061291366815567, -0.16171543300151825], [-0.12209641933441162, -0.027521828189492226, 0.14748039841651917], [0.188698872923851, -0.1143941581249237, -0.41956230998039246], [-0.17112569510936737, 0.0081860963255167, -0.016903849318623543], [-0.0754648894071579, -0.1315731257200241, -0.2057974487543106], [0.4179357588291168, 0.14141884446144104, 0.263695627450943], [-0.4701172113418579, 0.0002654962881933898, -0.41051411628723145], [0.5836659073829651, 0.12770916521549225, 0.2827029824256897]]]
right_hand_pose: [[[0.022059241309762, -0.11225680261850357, 0.5798605680465698], [0.18937458097934723, 0.09508533775806427, 0.7105043530464172], [-0.06640013307332993, 0.11006154865026474, 0.17090073227882385], [-0.07303722202777863, 0.04202955216169357, 0.8090972304344177], [-0.170744851231575, -0.005234420765191317, 0.4085780680179596], [-0.04849977418780327, 0.08153215050697327, 0.3022475838661194], [-0.11391104012727737, 0.39779797196388245, 0.5618703961372375], [-0.3759613037109375, 0.07650071382522583, 0.3472234606742859], [-0.2562520205974579, 0.12297040969133377, 0.033061906695365906], [0.00476172985509038, 0.14287565648555756, 0.7585211992263794], [-0.3592928349971771, 0.09550533443689346, 0.3890409767627716], [-0.19150954484939575, 0.1475265473127365, 0.33384203910827637], [0.5787847638130188, -0.04788561537861824, -0.16087713837623596], [-0.4455121159553528, -0.06397834420204163, 0.2804831266403198], [0.5941441655158997, -0.33737969398498535, 0.10194487869739532]]]
scale: [[1.038998007774353]]
smpl_joints: [[0.01992841064929962, -0.1000235453248024, 0.0355755090713501], [0.07164020091295242, -0.00526076927781105, 0.009318309836089611], [-0.04168282449245453, 0.0061855255626142025, 0.02500096522271633], [0.015353886410593987, -0.21228185296058655, 0.004369276575744152], [0.16657987236976624, 0.3438469469547272, 0.15983852744102478], [-0.10880601406097412, 0.3727642297744751, 0.02765464037656784], [0.028233852237462997, -0.3484281301498413, 0.015254948288202286], [0.13638994097709656, 0.7567490339279175, 0.18570300936698914], [-0.08955422043800354, 0.7120071649551392, -0.21998706459999084], [0.024215128272771835, -0.4021037817001343, 0.0443187914788723], [0.21372991800308228, 0.804238498210907, 0.2971925735473633], [-0.13887543976306915, 0.8143492341041565, -0.1336718499660492], [0.026075661182403564, -0.5667794346809387, 0.033889271318912506], [0.07869593799114227, -0.48193255066871643, 0.03991730883717537], [-0.015353034250438213, -0.4907868206501007, 0.048112157732248306], [0.059175245463848114, -0.724800169467926, 0.03923349827528], [0.20671777427196503, -0.4770010709762573, 0.004030667711049318], [-0.12299612909555435, -0.5325978398323059, 0.0627240240573883], [0.19365690648555756, -0.20598115026950836, -0.03958183526992798], [-0.2361195832490921, -0.2826516926288605, 0.13171206414699554], [0.2376418262720108, -0.017828786745667458, 0.13885992765426636], [-0.24696104228496552, -0.2073182314634323, 0.379834920167923], [0.24438448250293732, 0.10989578813314438, 0.2811092734336853], [-0.23647484183311462, -0.16379646956920624, 0.5381707549095154]]
