betas: [[-0.23227865993976593, 0.25616180896759033, -0.6097460389137268, -0.5470731854438782, -0.8290697336196899, -0.12374149262905121, -0.6651562452316284, -0.0947340801358223, -0.4003109633922577, 0.009221645072102547, -1.067924976348877, 0.38943004608154297, -0.03774065524339676, -0.5392426252365112, -0.4073382318019867, -0.043783947825431824, 0.1327216774225235, -0.5778159499168396, -0.4941546320915222, 0.33433476090431213, 0.2195483148097992, 0.19875818490982056, -0.16105614602565765, 0.19821791350841522, -0.31264927983283997, -0.14065098762512207, 0.3295535743236542, -0.04999523609876633, 0.2730054259300232, 0.1973358392715454, -0.06046881526708603, -0.0689709410071373, -0.3814866244792938, 0.24329766631126404, -0.40664923191070557, 0.7871960401535034, -0.05306501314043999, 0.06623640656471252, -0.18793083727359772, 0.3663504421710968, 0.6250855922698975, -0.12152060866355896, -0.09135828167200089, 0.0023428071290254593, -0.3453179895877838, -0.37866339087486267, -0.1715378761291504, -0.410137802362442, 0.5790796279907227, 0.30166587233543396, 0.4345530569553375, 0.20796015858650208, 0.01191107090562582, -0.4106103479862213, -0.4808655381202698, -0.021271340548992157, -0.41455233097076416, -0.2271321713924408, -0.6966698169708252, 0.35797297954559326, -0.4018400013446808, 0.6909065246582031, -0.05007333308458328, 0.07348889857530594, -0.3889317214488983, 0.028402606025338173, 0.47662681341171265, 0.20074132084846497, 0.5023759007453918, 0.11204425990581512, 0.1672808825969696, -0.20545797049999237, -0.5611684918403625, -0.14868374168872833, 0.048833590000867844, -0.0768648013472557, -0.3770197033882141, -0.2787870168685913, 0.3744945526123047, 0.15554672479629517, 0.20966632664203644, -0.17049197852611542, 0.09373464435338974, -0.5051602125167847, -0.244683176279068, 0.09769433736801147, 0.14155741035938263, 0.2949775457382202, -0.011893000453710556, -0.4315108060836792, -0.3145294487476349, -0.7209141254425049, -0.2408788651227951, 0.16302405297756195, -0.0644318237900734, -0.14066417515277863, 0.26459163427352905, 0.37981441617012024, 0.13097628951072693, -0.4665486514568329, 0.18563628196716309, -0.1633385270833969, 0.4051550626754761, -0.3012550175189972, -0.21280772984027863, 0.125594824552536, 0.51917964220047, 0.480560839176178, 0.23765406012535095, 0.07402171939611435, -0.18368934094905853, -0.2200932502746582, -0.14866462349891663, 0.3276529610157013, -0.18822184205055237, 0.08967133611440659, -0.051295384764671326, -0.49475163221359253, -0.531311571598053, -0.25107890367507935, -0.3967016339302063, -0.06951599568128586, -0.019816327840089798, -0.034145526587963104, -0.0904630720615387, -0.2623620629310608, -0.19859835505485535, 0.42853084206581116, -0.00715658999979496, -0.19076389074325562, -0.053469687700271606, 0.3835892081260681, 0.2077745944261551, -0.04863583296537399, 0.10844814777374268, 0.002568450290709734, 0.29857465624809265, 0.18508800864219666, -0.09400083869695663, 0.42134931683540344, -0.43940162658691406, 0.35467061400413513, 0.06995011866092682, -0.2438732087612152, 0.041616473346948624, 0.10339131206274033, 0.11425627022981644, 0.23634371161460876, -0.5314728021621704, 0.01078813523054123, -0.05389959365129471, -0.007383489981293678, 0.16948038339614868, 0.3177848160266876, 0.31273511052131653, -0.29060056805610657, 0.1527518332004547, -0.2865958511829376, 0.3711172342300415, -0.007836142554879189, 0.10346201062202454, 0.09387683123350143, -0.2884015440940857, -0.1233537569642067, -0.2419104129076004, -0.24451307952404022, -0.47115522623062134, -0.17971448600292206, 0.1613437682390213, 0.025025121867656708, 0.39263468980789185, 0.1859327256679535, 0.38966816663742065, 0.2781998813152313, -0.345510870218277, -0.21493689715862274, 0.15582901239395142, 0.1573685258626938, 0.15680146217346191, 0.4890051484107971, -0.30708950757980347, -0.05162583664059639, -0.12926779687404633, -0.06884123384952545, -0.4494132697582245, -0.38386303186416626, 0.2517332136631012, 0.21451765298843384, 0.14312270283699036, 0.24518373608589172, -0.13965962827205658, 0.25278785824775696, -0.06259938329458237, -0.36855459213256836, -0.2278657704591751, 0.1130983754992485, 0.5859917402267456, -0.44073060154914856, -0.05847081542015076, 0.1332881897687912]]
body_pose: [[[-0.47143420577049255, -0.017098762094974518, 0.0678485631942749], [-0.06158573552966118, -0.057328954339027405, -0.040144044905900955], [0.19673287868499756, 0.02593505196273327, -0.013707689940929413], [0.35850974917411804, 0.01589413546025753, -0.040000032633543015], [0.7062205672264099, 0.056290388107299805, 0.1012076735496521], [-0.0842897966504097, -0.013744683936238289, -0.041300028562545776], [-0.15876778960227966, 0.33540183305740356, -0.3407609462738037], [-0.24229075014591217, -0.19849492609500885, 0.12602388858795166], [0.04048160836100578, 0.006326659582555294, -0.037869539111852646], [-0.0022000488825142384, 0.08703897148370743, 0.09685736894607544], [-0.0023384965024888515, -0.05649222061038017, -0.05451388284564018], [-0.22104179859161377, -0.03838180750608444, 0.06506666541099548], [-0.02140449918806553, 0.025023899972438812, -0.3940765857696533], [0.005517014302313328, 0.005626167170703411, 0.19590188562870026], [0.06545316427946091, 0.12038120627403259, 0.03681233897805214], [0.07989984005689621, -0.18745195865631104, -0.8723570108413696], [0.023399721831083298, 0.25258007645606995, 0.892232358455658], [-0.11471197009086609, -0.7372708320617676, 0.009249124675989151], [-0.13523460924625397, 1.2301130294799805, -0.08626562356948853], [-0.06823751330375671, -0.10585269331932068, 0.3059391677379608], [0.09554925560951233, 0.17112544178962708, -0.45300301909446716]]]
bodypose_mat: [[[[0.9975981116294861, -0.06135423481464386, -0.03215137496590614], [0.0692637488245964, 0.8887040615081787, 0.4532192349433899], [0.0007661358686164021, -0.4543575346469879, 0.8908191323280334]], [[0.9975526332855225, 0.04184995964169502, -0.056010693311691284], [-0.03832187503576279, 0.9972997903823853, 0.06264643371105194], [0.05848120152950287, -0.06034668907523155, 0.9964628219604492]], [[0.9995711445808411, 0.01616021804511547, 0.02442043647170067], [-0.011074740439653397, 0.9806182384490967, -0.19561535120010376], [-0.027108309790492058, 0.19526101648807526, 0.980376660823822]], [[0.9990836977958679, 0.04195474833250046, 0.008458362892270088], [-0.03631818667054176, 0.9356393218040466, -0.35108429193496704], [-0.02264362759888172, 0.3504554033279419, 0.9363057017326355]], [[0.9935755133628845, -0.07374441623687744, 0.0858449935913086], [0.11182986944913864, 0.756182849407196, -0.6447336673736572], [-0.01736900955438614, 0.6501916646957397, 0.7595716118812561]], [[0.9990533590316772, 0.04181693494319916, -0.011984795331954956], [-0.04065927118062973, 0.9955980181694031, 0.08444702625274658], [0.015463355928659439, -0.08387979865074158, 0.9963557720184326]], [[0.8880912065505981, 0.30046045780181885, 0.34787580370903015], [-0.3525945842266083, 0.9308194518089294, 0.0961887538433075], [-0.29490864276885986, -0.20808351039886475, 0.9325932860374451]], [[0.9726203680038452, -0.09982411563396454, -0.20986813306808472], [0.14746251702308655, 0.9630595445632935, 0.22532472014427185], [0.17962263524532318, -0.2501031160354614, 0.9514116644859314]], [[0.9992631077766418, 0.0379779078066349, 0.005557064898312092], [-0.037721872329711914, 0.9984638690948486, -0.04058036580681801], [-0.00708968797698617, 0.0403408408164978, 0.9991607069969177]], [[0.9915333390235901, -0.09667938202619553, 0.08668672293424606], [0.09648817777633667, 0.9953135848045349, 0.006403062026947737], [-0.08689951151609421, 0.0020153927616775036, 0.9962150454521179]], [[0.9969199895858765, 0.05452386662364006, -0.05637044832110405], [-0.05439183488488197, 0.9985121488571167, 0.0038751063402742147], [0.05649786442518234, -0.0007970794104039669, 0.9984023571014404]], [[0.9971595406532288, -0.060253795236349106, -0.045192282646894455], [0.06869927048683167, 0.9735739827156067, 0.2177940160036087], [0.030875110998749733, -0.22028005123138428, 0.974947988986969]], [[0.9230493903160095, 0.3836212754249573, 0.02853960171341896], [-0.3841499090194702, 0.9231323003768921, 0.015984226018190384], [-0.020213942974805832, -0.025717718526721, 0.9994648098945618]], [[0.9808568358421326, -0.19463375210762024, 0.006128859706223011], [0.19466468691825867, 0.9808574318885803, -0.004932411480695009], [-0.0050515239126980305, 0.006031062453985214, 0.9999690055847168]], [[0.9920899271965027, -0.03275589644908905, 0.12118043750524521], [0.04062201455235481, 0.9971851706504822, -0.06302173435688019], [-0.11877498030662537, 0.06744581460952759, 0.9906279444694519]], [[0.6278474926948547, 0.7532675862312317, -0.1959477663040161], [-0.7672697901725769, 0.6412883996963501, 0.006805070675909519], [0.13078507781028748, 0.14607223868370056, 0.9805908203125]], [[0.6000191569328308, -0.7669265866279602, 0.2275974601507187], [0.7724251747131348, 0.6294401288032532, 0.08464329689741135], [-0.2081741988658905, 0.12501439452171326, 0.9700695276260376]], [[0.7405543923377991, 0.03194642812013626, -0.6712367534637451], [0.048775166273117065, 0.9936794638633728, 0.10110468417406082], [0.6702240705490112, -0.10761319100856781, 0.7343155145645142]], [[0.33232757449150085, -0.00726128276437521, 0.9431360960006714], [-0.1388237327337265, 0.9887024164199829, 0.056528642773628235], [-0.9328914284706116, -0.14971569180488586, 0.3275650441646576]], [[0.948074460029602, -0.29680952429771423, -0.11427552253007889], [0.3039669990539551, 0.9513189196586609, 0.05095434561371803], [0.09358873218297958, -0.08304449915885925, 0.9921414852142334]], [[0.8851133584976196, 0.4428427219390869, 0.14305494725704193], [-0.42682111263275146, 0.8949874639511108, -0.12969614565372467], [-0.18546739220619202, 0.05373691767454147, 0.9811800122261047]]]]
global_orient: [[[3.1318578720092773, 0.01567680388689041, 0.0581526905298233]]]
globalorient_mat: [[[[0.9992606043815613, 0.009837298654019833, 0.037167537957429886], [0.010177248157560825, -0.9999079704284668, -0.008968258276581764], [0.03707589581608772, 0.009339890442788601, -0.9992687702178955]]]]
transl: [[0.02191043086349964, 0.25367021560668945, 0.022208405658602715]]
expression: [[-0.5180714130401611, -0.0007485076785087585, 0.1329643875360489, -0.17997649312019348, -0.3729272186756134, -0.584129273891449, -0.2691916227340698, 0.345466285943985, 0.25134673714637756, -0.18876205384731293, 0.11890824139118195, 0.36132168769836426, 0.2111070454120636, -0.35716110467910767, 0.3092247247695923, 0.014737533405423164, -0.0750207006931305, 0.057830944657325745, -0.1379103809595108, 0.06083064526319504, -0.04483000934123993, 0.030673153698444366, -0.11742690205574036, -0.05311882495880127, -0.07279612869024277, 0.08317175507545471, -0.01916402578353882, 0.11532407999038696, 0.010566651821136475, -0.08817838132381439, -0.06866525113582611, -0.16693730652332306, -0.014475156553089619, 0.05898282676935196, 0.12878546118736267, 0.010580295696854591, 0.0720570906996727, -0.05397704988718033, -0.036132700741291046, -0.12166523933410645, -0.04790610820055008, 0.03897341340780258, -0.00037847692146897316, -0.033342815935611725, -0.031533945351839066, 0.01775486022233963, 0.007010705769062042, 0.09250649809837341, 0.0633641928434372, -0.03604539856314659]]
jaw_pose: [[[0.043902527540922165, 0.0019316902616992593, -0.00023272442922461778]]]
left_hand_pose: [[[0.1409512758255005, 0.234869122505188, -0.6243314743041992], [0.25118982791900635, -0.14432314038276672, -0.5945851802825928], [-0.2222035676240921, -0.08088336139917374, 0.011399985291063786], [-0.1058792993426323, 0.029576890170574188, -0.824124276638031], [-0.11524716019630432, 0.06307113170623779, -0.4535263478755951], [0.025548897683620453, -0.06914634257555008, -0.13801240921020508], [-0.3380812406539917, -0.4306473135948181, -0.6334455609321594], [-0.16535450518131256, -0.00481368275359273, -0.39481455087661743], [-0.2830057442188263, -0.060858115553855896, 0.10837176442146301], [-0.02352571301162243, -0.15584994852542877, -0.792931854724884], [-0.28841695189476013, -0.0298936665058136, -0.37012678384780884], [-0.15707825124263763, -0.14716151356697083, -0.26258862018585205], [1.1557244062423706, 0.3537808656692505, -0.16992315649986267], [-0.5974287390708923, 0.0038360790349543095, -0.05439561977982521], [0.6982695460319519, 0.10705222189426422, -0.157088503241539]]]
right_hand_pose: [[[0.09991521388292313, -0.13598117232322693, 0.4311540424823761], [0.133393794298172, 0.10626856237649918, 0.7964285612106323], [-0.06533470749855042, 0.1081814169883728, 0.23544377088546753], [-0.17557960748672485, -0.015364858321845531, 0.7659465074539185], [-0.09963879734277725, -0.04628298804163933, 0.5363136529922485], [-0.02408631145954132, 0.07501084357500076, 0.25250786542892456], [-0.32598158717155457, 0.33852317929267883, 0.5450850129127502], [-0.1943272203207016, 0.014773348346352577, 0.31296902894973755], [-0.32688474655151367, 0.050452686846256256, 0.01404015813022852], [-0.09545619785785675, 0.15371188521385193, 0.7734513878822327], [-0.31629541516304016, 0.08495938032865524, 0.42930176854133606], [-0.1730147898197174, 0.09272721409797668, 0.2575574815273285], [0.6644441485404968, -0.21017129719257355, -0.0866045355796814], [-0.45193493366241455, -0.062279392033815384, 0.02631257474422455], [0.5720319747924805, -0.2053481787443161, 0.18224525451660156]]]
scale: [[1.033585548400879]]
smpl_joints: [[0.02521372213959694, -0.09209053218364716, -0.03415997326374054], [0.07778484374284744, 0.0019870868418365717, -0.059773992747068405], [-0.03583097830414772, 0.013303183950483799, -0.04991709440946579], [0.022580530494451523, -0.20427359640598297, -0.06326249241828918], [0.16195547580718994, 0.34320396184921265, 0.11066517233848572], [-0.10100305825471878, 0.37885335087776184, -0.03827257454395294], [0.03571797162294388, -0.3404020071029663, -0.04671365022659302], [0.1304139941930771, 0.7545604705810547, 0.13305287063121796], [-0.06932981312274933, 0.7036973834037781, -0.30081531405448914], [0.029962318018078804, -0.3931067883968353, -0.015896746888756752], [0.2011445164680481, 0.8000986576080322, 0.24931974709033966], [-0.11967194825410843, 0.8106647729873657, -0.22133979201316833], [0.034346289932727814, -0.5576173067092896, -0.018324291333556175], [0.08524945378303528, -0.47196200489997864, -0.011606992222368717], [-0.008804689161479473, -0.48174259066581726, -0.011405912227928638], [0.06574119627475739, -0.7156315445899963, -0.010896067135035992], [0.2147977203130722, -0.4644469916820526, -0.03974273428320885], [-0.11728968471288681, -0.5233221054077148, -0.011784645728766918], [0.1971920132637024, -0.1957872360944748, -0.09051326662302017], [-0.23699888586997986, -0.2680567502975464, -0.01458777766674757], [0.25357508659362793, -0.0059903389774262905, 0.08142241835594177], [-0.24869991838932037, -0.19119863212108612, 0.2321946769952774], [0.2410166710615158, 0.11434002965688705, 0.1951078325510025], [-0.23383328318595886, -0.1556154042482376, 0.39004677534103394]]
