betas: [[-0.20819231867790222, 0.24021334946155548, -0.6013579368591309, -0.4903474450111389, -0.8902577757835388, -0.09812645614147186, -0.5800122022628784, -0.09214437752962112, -0.3924020528793335, -0.18297810852527618, -0.8213253021240234, 0.5317866802215576, -0.1790522336959839, -0.5220387578010559, -0.24162185192108154, -0.33242180943489075, 0.20955295860767365, -0.5209141969680786, -0.46005550026893616, 0.2832717299461365, 0.4238760471343994, 0.12490539252758026, -0.5096791982650757, 0.07389948517084122, -0.25446003675460815, -0.1506529450416565, 0.37425848841667175, -0.10136377066373825, 0.3261489272117615, 0.042529284954071045, -0.07041995227336884, 0.006913985125720501, 0.15322092175483704, -0.17910891771316528, -0.5977137088775635, 0.6018244624137878, -0.16699539124965668, 0.08980226516723633, -0.1215875968337059, 0.356478214263916, 0.9071968197822571, -0.5161330103874207, -0.6269232630729675, -0.29351475834846497, -0.5195738077163696, -0.3899676203727722, -0.2575817406177521, 0.17260727286338806, 0.49488478899002075, 0.37376242876052856, 0.033341724425554276, 0.31720981001853943, 0.07037930935621262, -0.0738859698176384, -0.4573194086551666, -0.07296446710824966, -0.3339919149875641, -0.3904482126235962, -0.4855789840221405, 0.49060457944869995, -0.28179502487182617, 1.0329108238220215, -0.14333181083202362, -0.05181581899523735, -0.5511497855186462, 0.32594823837280273, 0.531853199005127, 0.15784838795661926, 0.7052239775657654, 0.24725398421287537, 0.07729177176952362, -0.21617427468299866, -0.42032113671302795, 0.009909049607813358, 0.35558533668518066, -0.07563579827547073, -0.1383545994758606, 0.03555811941623688, 0.27493372559547424, 0.13917089998722076, 0.019520292058587074, -0.2685505151748657, 0.3961978852748871, -0.28859835863113403, -0.25780534744262695, 0.5947379469871521, 0.016804171726107597, 0.1525789052248001, -0.29484596848487854, -0.5229957103729248, -0.2849801778793335, -0.9152280688285828, -0.07794526219367981, 0.27911457419395447, -0.16026273369789124, -0.16299860179424286, 0.254245400428772, 0.5032641887664795, 0.3441796898841858, -0.09155716001987457, 0.3034483790397644, -0.30002716183662415, 0.5759180784225464, -0.3722657561302185, 0.040252234786748886, 0.2094995230436325, 0.4169682562351227, 0.365066260099411, 0.14255458116531372, -0.1338895708322525, -0.3448217511177063, -0.47704657912254333, 0.0030741002410650253, 0.2967219352722168, -0.07392266392707825, -0.20263175666332245, 0.2569754421710968, -0.6162199378013611, -0.5167073607444763, -0.04357149824500084, -0.30898797512054443, 0.060385964810848236, -0.050579749047756195, -0.18562962114810944, -0.11658132821321487, -0.14241477847099304, 0.1371803730726242, 0.49029821157455444, 0.17320311069488525, 0.00524795101955533, -0.025380555540323257, 0.3915552496910095, 0.22649820148944855, -0.1926441192626953, 0.08592833578586578, 0.001120397704653442, 0.3775984048843384, 0.07154124975204468, -0.1041930541396141, 0.4136636555194855, -0.41247856616973877, 0.457748681306839, 0.0397869311273098, 0.03266124054789543, -0.0740666538476944, -0.48524928092956543, 0.1622430980205536, 0.06286057829856873, -0.5932613015174866, 0.07708434760570526, -0.19381584227085114, 0.007250375114381313, 0.2056194394826889, 0.33854228258132935, 0.42111867666244507, -0.44322121143341064, 0.15521343052387238, -0.25962522625923157, 0.24878424406051636, 0.004453383386135101, -0.08946900814771652, -9.536673314869404e-05, -0.6511565446853638, 0.09257403016090393, -0.17109423875808716, -0.25696930289268494, -0.19160062074661255, -0.05804850533604622, 0.22024212777614594, -0.19456732273101807, 0.2978294789791107, 0.20662441849708557, 0.4402448534965515, 0.14545698463916779, -0.13532692193984985, -0.34277698397636414, -0.029382161796092987, 0.18975277245044708, 0.08716478943824768, 0.047780390828847885, -0.4148661494255066, 0.18544045090675354, 0.3618733584880829, -0.4076206684112549, -0.5305769443511963, -0.4034816324710846, 0.24757950007915497, 0.14764338731765747, -0.028537452220916748, 0.4577198922634125, -0.05331961810588837, 0.5100944638252258, 0.23339983820915222, -0.41590532660484314, 0.10413491725921631, 0.051103297621011734, 0.5377480983734131, -0.32456809282302856, -0.021402206271886826, 0.04930540546774864]]
body_pose: [[[-0.25728151202201843, 0.09942559897899628, 0.16646349430084229], [0.03856983035802841, -0.1256987452507019, -0.12587958574295044], [0.10251647979021072, 0.0370803102850914, -0.02853435091674328], [0.2666332423686981, 0.015611766837537289, -0.04757023602724075], [0.6167704463005066, 0.08044008165597916, 0.0803268551826477], [-0.015309018082916737, 0.017372669652104378, -0.05903024598956108], [-0.21687395870685577, 0.2725054919719696, -0.42789778113365173], [-0.13219903409481049, -0.176302969455719, 0.10650987923145294], [0.004318322986364365, 0.028667647391557693, -0.05208968371152878], [-0.1291317343711853, 0.036624327301979065, 0.14728359878063202], [-0.0883069783449173, -0.14728675782680511, -0.21230506896972656], [-0.11599836498498917, -0.07855885475873947, 0.04531402140855789], [-0.07802347093820572, 0.0765841007232666, -0.39623427391052246], [-0.06697241961956024, 0.09341415017843246, 0.22081151604652405], [0.19344164431095123, 0.14636409282684326, 0.08268298953771591], [0.43730342388153076, -0.20867040753364563, -0.8765379786491394], [-0.08124510943889618, 0.22714023292064667, 0.8873097896575928], [0.38380715250968933, -0.8764352202415466, 0.042119331657886505], [0.07046202570199966, 0.9285822510719299, -0.17659816145896912], [0.14294353127479553, 0.02714776061475277, 0.0712401494383812], [0.09785043448209763, -0.00281070196069777, -0.4753229022026062]]]
bodypose_mat: [[[[0.9813642501831055, -0.17627881467342377, 0.07648519426584244], [0.15091893076896667, 0.9534527063369751, 0.26105809211730957], [-0.11894404143095016, -0.24465002119541168, 0.9622882008552551]], [[0.9842206835746765, 0.12276818603277206, -0.1274266391992569], [-0.12760299444198608, 0.9913572072982788, -0.030467553064227104], [0.12258487194776535, 0.04624681919813156, 0.9913798570632935]], [[0.9989066123962402, 0.030372660607099533, 0.035540807992219925], [-0.02657533809542656, 0.9943440556526184, -0.10282812267541885], [-0.03846295550465584, 0.10177117586135864, 0.9940640330314636]], [[0.9987544417381287, 0.04905742406845093, 0.00911786500364542], [-0.04492027312517166, 0.9635463356971741, -0.26374363899230957], [-0.021724065765738487, 0.26300549507141113, 0.9645498394966125]], [[0.9937475323677063, -0.05115960165858269, 0.09923982620239258], [0.09916765987873077, 0.8128284215927124, -0.5739997029304504], [-0.05129935219883919, 0.5802521705627441, 0.8128196001052856]], [[0.9981074333190918, 0.0588577575981617, 0.01781272515654564], [-0.059123627841472626, 0.9981411099433899, 0.014786177314817905], [-0.01690933294594288, -0.015811346471309662, 0.9997319579124451]], [[0.8745532035827637, 0.3777100741863251, 0.3041245639324188], [-0.4353255033493042, 0.8878238797187805, 0.14919953048229218], [-0.21365486085414886, -0.26287609338760376, 0.9408760666847229]], [[0.9788922071456909, -0.09385418891906738, -0.18155324459075928], [0.11704515665769577, 0.9856613278388977, 0.12154088914394379], [0.16754288971424103, -0.1402253359556198, 0.9758413434028625]], [[0.998232901096344, 0.052120715379714966, 0.028538234531879425], [-0.051996953785419464, 0.9986344575881958, -0.00506218895316124], [-0.02876310795545578, 0.003569342428818345, 0.999579906463623]], [[0.988521158695221, -0.14866766333580017, 0.026904357597231865], [0.14395393431186676, 0.9808796644210815, 0.13096699118614197], [-0.04586049169301987, -0.12559065222740173, 0.9910215735435486]], [[0.9668235182762146, 0.21613939106464386, -0.13614726066589355], [-0.20321355760097504, 0.9737280607223511, 0.10275159031152725], [0.1547790765762329, -0.07167568802833557, 0.9853456616401672]], [[0.9958950281143188, -0.04060233384370804, -0.0808987244963646], [0.049698587507009506, 0.9922595620155334, 0.113802969455719], [0.0756518542766571, -0.11735635995864868, 0.9902042150497437]], [[0.9197067618370056, 0.3822247087955475, 0.08968707174062729], [-0.38811638951301575, 0.9195970296859741, 0.060884688049554825], [-0.0592043362557888, -0.09080508351325989, 0.9941073060035706]], [[0.9714061617851257, -0.22164995968341827, 0.08509630709886551], [0.2154260128736496, 0.9735156893730164, 0.0765431672334671], [-0.09980837255716324, -0.05602254718542099, 0.9934282898902893]], [[0.9859476685523987, -0.06770171970129013, 0.15272065997123718], [0.09586000442504883, 0.977992832660675, -0.18531320989131927], [-0.1368136703968048, 0.1973489373922348, 0.9707396626472473]], [[0.626886785030365, 0.6952351927757263, -0.3516547381877899], [-0.7791101336479187, 0.5590113401412964, -0.2837142050266266], [-0.0006690837908536196, 0.45183441042900085, 0.8921015858650208]], [[0.6092784404754639, -0.7760470509529114, 0.16288256645202637], [0.758857250213623, 0.6302333474159241, 0.16413919627666473], [-0.2300337702035904, 0.023598136380314827, 0.9728965163230896]], [[0.6435827016830444, -0.1916915327310562, -0.7409828901290894], [-0.11975260078907013, 0.9309852123260498, -0.3448563814163208], [0.7559500932693481, 0.31067824363708496, 0.5762104392051697]], [[0.5857338309288025, 0.18165560066699982, 0.7898842692375183], [-0.12098001688718796, 0.9832375645637512, -0.13641048967838287], [-0.8014235496520996, -0.015659980475902557, 0.5978922247886658]], [[0.9971002340316772, -0.06899289786815643, 0.03210970014333725], [0.07286500185728073, 0.9872738718986511, -0.14135420322418213], [-0.02194863371551037, 0.14328399300575256, 0.9894381761550903]], [[0.8892298936843872, 0.4567490220069885, -0.02550410106778145], [-0.4570186734199524, 0.8845397233963013, -0.09339956194162369], [-0.02010076679289341, 0.09470953792333603, 0.9953019618988037]]]]
global_orient: [[[3.0406792163848877, -0.015509078279137611, 0.5361219644546509]]]
globalorient_mat: [[[[0.9396945834159851, -0.01925310678780079, 0.3414725065231323], [-0.0005189839284867048, -0.9984934329986572, -0.05486946925520897], [0.34201446175575256, 0.05138332024216652, -0.9382888674736023]]]]
transl: [[-0.01962992548942566, 0.24807479977607727, 0.001642929157242179]]
expression: [[-0.487128883600235, -0.11435417085886002, 0.1582891345024109, -0.1089702770113945, -0.38115784525871277, -0.6315854787826538, -0.17583927512168884, 0.2994930148124695, 0.27834653854370117, -0.02813819795846939, 0.09517006576061249, 0.5142418742179871, 0.25015369057655334, -0.34245744347572327, 0.3694722354412079, -0.0626935362815857, -0.2709415555000305, 0.017764108255505562, -0.20288816094398499, 0.1905486136674881, -0.036860108375549316, -0.08412341773509979, 0.008451730012893677, -0.10065563768148422, -0.21404410898685455, 0.06000065058469772, -0.008720971643924713, 0.12736880779266357, -0.049725137650966644, -0.12650978565216064, -0.04907871037721634, -0.14562790095806122, -0.021143194288015366, -0.0474049411714077, 0.129078671336174, 0.04841984063386917, 0.06875859200954437, -0.0344875305891037, -0.03270038589835167, -0.11943590641021729, -0.056455664336681366, -0.013894844800233841, -0.032980065792798996, -0.015729058533906937, -0.09776630997657776, 0.05954521521925926, -0.016460083425045013, 0.19636236131191254, 0.005009709391742945, -0.05893215909600258]]
jaw_pose: [[[0.04761236160993576, 0.002762183314189315, -0.0004631027695722878]]]
left_hand_pose: [[[0.09413865208625793, 0.24287915229797363, -0.46392956376075745], [0.18213529884815216, -0.10563629120588303, -0.6677279472351074], [-0.152366504073143, -0.11007214337587357, -0.15333078801631927], [-0.02493259496986866, 0.14072294533252716, -0.6792007088661194], [-0.1901271492242813, 0.04321175813674927, -0.404121071100235], [0.028831418603658676, -0.13212016224861145, -0.24946656823158264], [-0.25624367594718933, -0.3004733622074127, -0.5950061678886414], [-0.227372944355011, 0.021788466721773148, -0.3392643630504608], [-0.25385424494743347, -0.07434535026550293, -0.053608354181051254], [0.010880005545914173, -0.050241537392139435, -0.7088783979415894], [-0.31281065940856934, -0.0713159441947937, -0.3265635669231415], [-0.12876957654953003, -0.14763855934143066, -0.2648422122001648], [0.6223458051681519, 0.3639409840106964, 0.11357962340116501], [-0.5553231835365295, 0.10589318722486496, -0.031350258737802505], [0.5126017928123474, 0.11646361649036407, -0.13538704812526703]]]
right_hand_pose: [[[-0.027014432474970818, -0.053936079144477844, 0.6450552344322205], [0.26079970598220825, 0.046508435159921646, 0.5007495880126953], [-0.14807364344596863, 0.10030341148376465, -0.011620291508734226], [-0.02517147921025753, 0.08088553696870804, 0.9021283984184265], [-0.16115161776542664, -0.0048790061846375465, 0.166696697473526], [-0.02076699025928974, 0.08230132609605789, 0.20414410531520844], [-0.08594444394111633, 0.3643665611743927, 0.7235443592071533], [-0.328849196434021, 0.08909435570240021, 0.2548735439777374], [-0.19015875458717346, 0.12771226465702057, -0.055048808455467224], [0.03906669840216637, 0.1603458821773529, 0.8287230134010315], [-0.33339476585388184, 0.08934295177459717, 0.2361477017402649], [-0.16225995123386383, 0.17160214483737946, 0.2768281400203705], [0.5651839375495911, 0.024708781391382217, -0.17869961261749268], [-0.4433908462524414, 0.02209191955626011, 0.4344586431980133], [0.4991968274116516, -0.21069994568824768, -0.11492432653903961]]]
scale: [[1.0136765241622925]]
smpl_joints: [[-0.017004599794745445, -0.09750331193208694, -0.01259157806634903], [0.02715064212679863, -0.004702052567154169, -0.048279426991939545], [-0.07615265995264053, 0.007289048284292221, -0.004414176102727652], [-0.030950715765357018, -0.20632821321487427, -0.04306358844041824], [0.17677947878837585, 0.34614357352256775, 0.0035275809932500124], [-0.1654091775417328, 0.3621634542942047, 0.01051283534616232], [-0.019786294549703598, -0.3402653932571411, -0.0498807467520237], [0.17235152423381805, 0.7516642808914185, -0.001435394398868084], [-0.2256469577550888, 0.6914646029472351, -0.22787152230739594], [-0.015157701447606087, -0.3941478431224823, -0.023511096835136414], [0.281000018119812, 0.7948487401008606, 0.0784510150551796], [-0.260807067155838, 0.7982012033462524, -0.14374789595603943], [-0.013883700594305992, -0.554343044757843, -0.04458094388246536], [0.036062754690647125, -0.4699270725250244, -0.04816297069191933], [-0.05007731541991234, -0.4823003113269806, -0.01457299292087555], [0.025146137923002243, -0.7081347703933716, -0.05126694217324257], [0.14102323353290558, -0.45609134435653687, -0.12822666764259338], [-0.15016686916351318, -0.5241411328315735, 0.02732136845588684], [0.09853820502758026, -0.1964028775691986, -0.18006595969200134], [-0.23048360645771027, -0.2790633738040924, 0.12493576854467392], [0.12339437007904053, -0.023961899802088737, 0.008988076820969582], [-0.18696939945220947, -0.20640701055526733, 0.363830029964447], [0.08732981979846954, 0.12206032127141953, 0.08210279047489166], [-0.1608249843120575, -0.15502586960792542, 0.5214564204216003]]
