betas: [[-0.05988341569900513, 0.3262716233730316, -0.5725288391113281, -0.49440670013427734, -0.8914647698402405, -0.08150019496679306, -0.5174247622489929, -0.1806311160326004, -0.4170531928539276, -0.0607205294072628, -0.740369975566864, 0.5226730704307556, -0.17047889530658722, -0.5798805952072144, -0.2558477818965912, -0.4531460702419281, 0.152655690908432, -0.585128664970398, -0.4948969781398773, 0.21041153371334076, 0.37862855195999146, 0.1985330730676651, -0.5461570620536804, 0.2235807329416275, -0.2920973598957062, -0.102541983127594, 0.3048771917819977, -0.17261633276939392, 0.3789314925670624, 0.08083581179380417, -0.15340271592140198, 0.14824870228767395, 0.15409061312675476, -0.18217264115810394, -0.33734509348869324, 0.6198942065238953, -0.2849271297454834, -0.11723514646291733, -0.24244941771030426, 0.32073694467544556, 0.5355456471443176, -0.44128891825675964, -0.5388681292533875, -0.16266296803951263, -0.4694397747516632, -0.5152943134307861, -0.25251296162605286, 0.08613955229520798, 0.5578166246414185, 0.4685992896556854, -0.07510793209075928, 0.3135417103767395, -0.07740279287099838, -0.19401958584785461, -0.4704977571964264, -0.1971888691186905, -0.3410925567150116, -0.47786763310432434, -0.44625964760780334, 0.4973202347755432, -0.33244431018829346, 0.9609839916229248, -0.043819036334753036, -0.047138314694166183, -0.563510537147522, 0.17735908925533295, 0.5901439189910889, 0.2914261519908905, 0.6478319764137268, 0.14425766468048096, 0.16135862469673157, -0.37560856342315674, -0.30707406997680664, -0.046612635254859924, 0.41677114367485046, -0.1350509524345398, -0.119477279484272, 0.08235601335763931, 0.23341014981269836, 0.29826435446739197, -0.013515292666852474, -0.31857573986053467, 0.3756182789802551, -0.40641748905181885, -0.2992633283138275, 0.5917862057685852, 0.0754135325551033, 0.1499829888343811, -0.2638045847415924, -0.48887068033218384, -0.34603989124298096, -0.88932865858078, -0.08191550523042679, 0.33565279841423035, -0.18933741748332977, -0.11077436804771423, 0.3567059636116028, 0.514568567276001, 0.4046773314476013, -0.014552738517522812, 0.3422420918941498, -0.3876120448112488, 0.4750996232032776, -0.38458889722824097, 0.07058591395616531, 0.38633230328559875, 0.4895644783973694, 0.3021264374256134, 0.2503218352794647, -0.12488435953855515, -0.33890846371650696, -0.5818197727203369, -0.13514932990074158, 0.444940447807312, -0.1307711899280548, -0.17170597612857819, 0.21515822410583496, -0.5849303603172302, -0.4945605397224426, -0.07087025791406631, -0.2919762134552002, 0.07531458139419556, -0.20592471957206726, -0.119907446205616, -0.08073066920042038, -0.1576550155878067, 0.17686715722084045, 0.49025800824165344, 0.23290017247200012, 0.009407442063093185, 0.13816392421722412, 0.3947411775588989, 0.1617288440465927, -0.3025343716144562, 0.15275442600250244, 0.07138963043689728, 0.3504049777984619, 0.05899437144398689, -0.23428736627101898, 0.5991816520690918, -0.3295532763004303, 0.42889899015426636, 0.20137658715248108, -0.02242489717900753, -0.05064964294433594, -0.4635968804359436, 0.23338362574577332, 0.08342698216438293, -0.6210482120513916, 0.06785030663013458, -0.11065247654914856, 0.007180934306234121, 0.23977255821228027, 0.3462979793548584, 0.6100388765335083, -0.35101011395454407, 0.16338345408439636, -0.29858896136283875, 0.3202970325946808, 0.04783362150192261, -0.15487341582775116, 0.04134749248623848, -0.6560739874839783, 0.0793452039361, -0.06492585688829422, -0.2870255708694458, -0.2741086483001709, -0.12810000777244568, 0.030629513785243034, -0.23301619291305542, 0.2794918417930603, 0.31241387128829956, 0.3448311984539032, 0.19414247572422028, -0.1434706747531891, -0.26974937319755554, -0.046090442687273026, 0.3030635714530945, 0.13840559124946594, -0.1992957890033722, -0.43231192231178284, 0.1462758183479309, 0.48229941725730896, -0.38576939702033997, -0.5569553375244141, -0.4616639018058777, 0.22160835564136505, 0.2588385045528412, -0.16657565534114838, 0.42646321654319763, -0.25478312373161316, 0.609805166721344, 0.20446617901325226, -0.5339484810829163, 0.06451732665300369, -0.02103664167225361, 0.5494149923324585, -0.3439854383468628, -0.04739556089043617, 0.10181175172328949]]
body_pose: [[[-0.21872122585773468, 0.1388959288597107, 0.1632940173149109], [0.053143348544836044, -0.12644793093204498, -0.11881066113710403], [0.09826085716485977, 0.024061834439635277, -0.018662674352526665], [0.2248910367488861, -0.0035082476679235697, -0.04308997467160225], [0.5889721512794495, 0.07887712121009827, 0.08374157547950745], [-0.0015362367266789079, 0.014541808515787125, -0.055724043399095535], [-0.21896198391914368, 0.23991680145263672, -0.49128177762031555], [-0.13714277744293213, -0.20180833339691162, 0.13722284138202667], [0.03961522877216339, 0.029694387689232826, -0.05357640981674194], [-0.18253163993358612, 0.013548511080443859, 0.21113117039203644], [-0.1279313713312149, -0.17338800430297852, -0.25016674399375916], [-0.12734226882457733, -0.07543934136629105, 0.055852293968200684], [-0.05359996482729912, 0.09456164389848709, -0.40096279978752136], [-0.049670953303575516, 0.11056077480316162, 0.1969520002603531], [0.16172832250595093, 0.1290191113948822, 0.06328227370977402], [0.3621146082878113, -0.12039285898208618, -0.8885820508003235], [-0.06392258405685425, 0.22821186482906342, 0.8935742378234863], [0.26252272725105286, -0.6660802960395813, -0.04740375652909279], [-0.038566723465919495, 0.9575234651565552, -0.09359733015298843], [0.09752078354358673, 0.007160913664847612, 0.03698650747537613], [-0.06109094247221947, 0.036629606038331985, -0.5513529777526855]]]
bodypose_mat: [[[[0.9772005677223206, -0.1758246272802353, 0.11901599168777466], [0.14568185806274414, 0.9630382657051086, 0.22657011449337006], [-0.1544535756111145, -0.2040659636259079, 0.96669602394104]], [[0.9849886894226074, 0.11480893939733505, -0.12890343368053436], [-0.12151039391756058, 0.9915530681610107, -0.04536106809973717], [0.12260675430297852, 0.06034325063228607, 0.9906190633773804]], [[0.9995368123054504, 0.019810901954770088, 0.023103322833776474], [-0.017448652535676956, 0.9950026869773865, -0.09831199049949646], [-0.024935517460107803, 0.0978633239865303, 0.9948874711990356]], [[0.9990695118904114, 0.04232155159115791, -0.008301797322928905], [-0.04310707375407219, 0.9738979935646057, -0.22285518050193787], [-0.0013464714866131544, 0.22300569713115692, 0.9748161435127258]], [[0.9935790300369263, -0.05626564845442772, 0.0981568843126297], [0.10134454071521759, 0.8282966017723083, -0.5510481595993042], [-0.050297919660806656, 0.5574576258659363, 0.8286803364753723]], [[0.9983420372009277, 0.05568205565214157, 0.014576556161046028], [-0.05570438876748085, 0.9984466433525085, 0.0011303348001092672], [-0.014490975067019463, -0.001940439222380519, 0.9998930096626282]], [[0.8548116087913513, 0.43785327672958374, 0.27853482961654663], [-0.48888489603996277, 0.8594820499420166, 0.14927195012569427], [-0.17403648793697357, -0.2637708783149719, 0.9487550854682922]], [[0.9704155921936035, -0.12168945372104645, -0.20853111147880554], [0.14918573200702667, 0.9813035130500793, 0.12160240858793259], [0.18983455002307892, -0.14911474287509918, 0.9704265594482422]], [[0.9981247782707214, 0.05411681532859802, 0.028607310727238655], [-0.05294099077582359, 0.9977811574935913, -0.04037521407008171], [-0.030728809535503387, 0.038784999400377274, 0.998775064945221]], [[0.9777652621269226, -0.20962293446063995, -0.005771121475845575], [0.20716595649719238, 0.9613056778907776, 0.1815865933895111], [-0.032516904175281525, -0.17874464392662048, 0.9833580255508423]], [[0.9540958404541016, 0.25663667917251587, -0.15439757704734802], [-0.2346556931734085, 0.960882306098938, 0.14711126685142517], [0.18611207604408264, -0.10412798076868057, 0.976995050907135]], [[0.9956038594245911, -0.05082631856203079, -0.0786738321185112], [0.06041291356086731, 0.9903523921966553, 0.12470941990613937], [0.07157629728317261, -0.12891410291194916, 0.9890692234039307]], [[0.9163569211959839, 0.3870304822921753, 0.10245715826749802], [-0.39202648401260376, 0.9193480014801025, 0.03338468819856644], [-0.08127288520336151, -0.07075820863246918, 0.9941771030426025]], [[0.9746065735816956, -0.19793476164340973, 0.10470828413963318], [0.19246754050254822, 0.9794631004333496, 0.06006854027509689], [-0.11444755643606186, -0.03839024901390076, 0.9926871657371521]], [[0.9897149205207825, -0.052397362887859344, 0.1331123262643814], [0.07318215817213058, 0.9849783778190613, -0.15640321373939514], [-0.12291765213012695, 0.16453604400157928, 0.9786823391914368]], [[0.6283352375030518, 0.7362644076347351, -0.25121623277664185], [-0.7765670418739319, 0.5744243860244751, -0.2588055729866028], [-0.046244606375694275, 0.3577028810977936, 0.9326897859573364]], [[0.6041606664657593, -0.7784119844436646, 0.17048363387584686], [0.7648338675498962, 0.6264968514442444, 0.15010282397270203], [-0.2236492931842804, 0.039705436676740646, 0.9738606214523315]], [[0.7864475846290588, -0.04030369222164154, -0.6163405179977417], [-0.12718310952186584, 0.9659178853034973, -0.22544823586940765], [0.6044208407402039, 0.2556913495063782, 0.7545178532600403]], [[0.5718629956245422, 0.06270965933799744, 0.8179487586021423], [-0.09687189757823944, 0.9952598214149475, -0.008576289750635624], [-0.8146094679832458, -0.07433177530765533, 0.5752270817756653]], [[0.9992910027503967, -0.036570318043231964, 0.008949711918830872], [0.037268027663230896, 0.9945657849311829, -0.09721093624830246], [-0.005346042104065418, 0.0974755510687828, 0.9952235221862793]], [[0.8512258529663086, 0.5222976803779602, 0.051183756440877914], [-0.5244783163070679, 0.8500610589981079, 0.04815186932682991], [-0.0183597132563591, -0.06783288717269897, 0.9975277185440063]]]]
global_orient: [[[3.0407066345214844, -0.011199121363461018, 0.5048156380653381]]]
globalorient_mat: [[[[0.9463752508163452, -0.016859635710716248, 0.32262924313545227], [0.0025353052187711, -0.9982190728187561, -0.059600796550512314], [0.3230594992637634, 0.05722268298268318, -0.9446470737457275]]]]
transl: [[-0.0032005575485527515, 0.23674555122852325, -0.006141744088381529]]
expression: [[-0.38701173663139343, -0.003331325948238373, 0.1503271609544754, -0.09812838584184647, -0.497891902923584, -0.6707013845443726, -0.1723918914794922, 0.2608874440193176, 0.3486546576023102, -0.1376153975725174, 0.11786870658397675, 0.430325448513031, 0.246220201253891, -0.35682761669158936, 0.3911828398704529, -0.05799507349729538, -0.2674843370914459, 0.006764339283108711, -0.17893412709236145, 0.18368341028690338, -0.015277409926056862, -0.07912684231996536, 0.005088374018669128, -0.1115841493010521, -0.2081145942211151, 0.08375493437051773, -0.014472566545009613, 0.15696561336517334, -0.021907038986682892, -0.11591663956642151, -0.06934593617916107, -0.18371662497520447, 0.004072799813002348, -0.03842625394463539, 0.16400641202926636, 0.050849273800849915, 0.04959697276353836, -0.03688088059425354, -0.053297460079193115, -0.14996029436588287, -0.0588952973484993, -0.004214808344841003, -0.007537389639765024, -0.029516257345676422, -0.10112297534942627, 0.039913054555654526, -0.0020117349922657013, 0.1830681562423706, 0.021366624161601067, -0.0419514998793602]]
jaw_pose: [[[0.03767705336213112, 0.0028554287273436785, -0.0004316296835895628]]]
left_hand_pose: [[[0.10696566104888916, 0.28888556361198425, -0.32371386885643005], [0.13171638548374176, -0.10813162475824356, -0.5005021691322327], [-0.06331684440374374, -0.07786670327186584, -0.11160336434841156], [0.03579261153936386, 0.12201306223869324, -0.5752784609794617], [-0.1822463423013687, 0.04801787808537483, -0.28930288553237915], [0.025454172864556313, -0.1014174297451973, -0.16294939815998077], [-0.24977366626262665, -0.36612609028816223, -0.6040581464767456], [-0.13131408393383026, 0.06806545704603195, -0.24704715609550476], [-0.1799185574054718, -0.07299855351448059, 0.09324394166469574], [0.029882175847887993, -0.10308220982551575, -0.6524754166603088], [-0.2501809298992157, -0.02916702814400196, -0.19378331303596497], [-0.11302240937948227, -0.1499043107032776, -0.16817590594291687], [0.5727396607398987, 0.3241429030895233, 0.22586959600448608], [-0.5825966596603394, 0.1220497339963913, -0.05732356384396553], [0.486179918050766, 0.1230718344449997, -0.07384101301431656]]]
right_hand_pose: [[[-0.0021497297566384077, -0.032346513122320175, 0.5519042611122131], [0.17767170071601868, 0.08163636177778244, 0.5192029476165771], [-0.09752529114484787, 0.06346827000379562, 0.018529081717133522], [-0.023654522374272346, 0.10924845188856125, 0.7471284866333008], [-0.2013564258813858, -0.020278960466384888, 0.2999807298183441], [-0.03970967233181, 0.06830859184265137, 0.17482897639274597], [0.09116888046264648, 0.3076169788837433, 0.43071451783180237], [-0.4067327678203583, 0.07221633195877075, 0.321207195520401], [-0.20036549866199493, 0.1827756017446518, -0.04065335541963577], [0.0874822661280632, 0.1672428399324417, 0.6104874610900879], [-0.34387826919555664, 0.06777573376893997, 0.3301047682762146], [-0.17549368739128113, 0.182983860373497, 0.27920153737068176], [0.7128504514694214, -0.011812077835202217, -0.03707325831055641], [-0.4903338551521301, -0.02187431789934635, 0.3107752501964569], [0.5195220708847046, -0.17007240653038025, 0.07896541059017181]]]
scale: [[1.0132430791854858]]
smpl_joints: [[-0.0008991729118861258, -0.11114227026700974, -0.006075171288102865], [0.044514063745737076, -0.01767365261912346, -0.040658529847860336], [-0.060926709324121475, -0.005805840715765953, 0.0017566970782354474], [-0.014334319159388542, -0.22041182219982147, -0.03864658996462822], [0.1880389302968979, 0.34085988998413086, 0.0009207357070408762], [-0.15061815083026886, 0.35238078236579895, 0.011782835237681866], [-0.004116016905754805, -0.35542649030685425, -0.04616864025592804], [0.18371279537677765, 0.7492951154708862, -0.0007457950268872082], [-0.20218317210674286, 0.6885262727737427, -0.22418609261512756], [-0.0008738706819713116, -0.4097808599472046, -0.019049352034926414], [0.2877890467643738, 0.7932560443878174, 0.08625513315200806], [-0.2400154173374176, 0.7950999140739441, -0.13942216336727142], [0.00210933038033545, -0.5721831321716309, -0.03391055762767792], [0.052401211112737656, -0.48662129044532776, -0.03897065296769142], [-0.03623485565185547, -0.4985329806804657, -0.007839391939342022], [0.04073097184300423, -0.7272686958312988, -0.03426766395568848], [0.1613483875989914, -0.4742397367954254, -0.11748334020376205], [-0.13749048113822937, -0.5421971678733826, 0.03486490622162819], [0.1056782603263855, -0.22072488069534302, -0.19011801481246948], [-0.22961649298667908, -0.2941470146179199, 0.1173747256398201], [0.13579896092414856, 0.004120365250855684, -0.06459804624319077], [-0.1821802258491516, -0.20415470004081726, 0.35178741812705994], [0.09330002218484879, 0.17109942436218262, -0.020357124507427216], [-0.15567010641098022, -0.16172794997692108, 0.5166128277778625]]
