betas: [[-0.2227962613105774, 0.22928038239479065, -0.6036665439605713, -0.5452070832252502, -0.8289434909820557, -0.13336427509784698, -0.6379845142364502, -0.09781002998352051, -0.426475465297699, 0.10608896613121033, -1.0356022119522095, 0.407592236995697, -0.1459415853023529, -0.5768060088157654, -0.3951132893562317, -0.050955839455127716, 0.12321732938289642, -0.5986213088035583, -0.4464759826660156, 0.30633339285850525, 0.2477700263261795, 0.15167179703712463, -0.23824666440486908, 0.15358121693134308, -0.23215697705745697, -0.06386717408895493, 0.3109331429004669, -0.05694054067134857, 0.33926522731781006, -0.026988623663783073, -0.04055415093898773, 0.06426455825567245, -0.22206436097621918, -0.1518915444612503, -0.5284332633018494, 0.8271905183792114, 0.032218631356954575, 0.10497940331697464, -0.05008138343691826, 0.25040847063064575, 0.7501261234283447, 0.09119456261396408, -0.20670004189014435, -0.10698945820331573, -0.4520443379878998, -0.40029850602149963, -0.1844715029001236, -0.3304651081562042, 0.6410847306251526, 0.33988529443740845, 0.26406988501548767, 0.230156809091568, -0.00511986343190074, -0.39423099160194397, -0.43592581152915955, -0.047726985067129135, -0.35932618379592896, -0.07655247300863266, -0.7383714914321899, 0.3595064878463745, -0.5031410455703735, 0.9018153548240662, -0.14426003396511078, -0.08410356938838959, -0.28859415650367737, 0.24623826146125793, 0.34512561559677124, 0.16694551706314087, 0.6089833974838257, 0.1956636756658554, 0.11044836044311523, -0.20385457575321198, -0.621044397354126, -0.1498352587223053, -0.15593211352825165, 0.033859554678201675, -0.380060613155365, -0.2665351629257202, 0.28078749775886536, 0.11666760593652725, 0.04259434714913368, -0.35636794567108154, 0.20680128037929535, -0.4210073947906494, -0.41743335127830505, 0.2838496267795563, -0.042830634862184525, 0.1543312966823578, 0.013762088492512703, -0.36175337433815, -0.31019237637519836, -0.8451609015464783, -0.18363003432750702, 0.1054442822933197, -0.30404576659202576, -0.09454052150249481, 0.4049941301345825, 0.3265123963356018, 0.2739725410938263, -0.3992306590080261, 0.19665217399597168, -0.20217184722423553, 0.5277501344680786, -0.30834007263183594, -0.2604621648788452, 0.187049001455307, 0.410257488489151, 0.5285356044769287, 0.19224412739276886, 0.04800654575228691, -0.3089820444583893, -0.1644044816493988, -0.1291670948266983, 0.36539900302886963, -0.14155922830104828, -0.07333331555128098, 0.05695079639554024, -0.5854849815368652, -0.48060986399650574, 0.0016412175027653575, -0.2597506046295166, 0.0920567736029625, -0.04429319500923157, -0.061014655977487564, -0.06005094572901726, -0.19047297537326813, 0.030608544126152992, 0.4606974422931671, 0.10556907951831818, -0.08501925319433212, -0.3796321153640747, 0.46140366792678833, 0.10060043632984161, -0.19665850698947906, 0.05767315253615379, -0.08486456423997879, 0.22118082642555237, 0.1869780421257019, -0.1656954139471054, 0.09949935227632523, -0.49038073420524597, 0.31823623180389404, 0.03403429687023163, -0.04384208843111992, -0.2104867398738861, 0.10249539464712143, 0.07926340401172638, 0.09802410751581192, -0.5828653573989868, -0.13376951217651367, -0.06653812527656555, -0.026067057624459267, 0.2341032773256302, 0.25351816415786743, -0.0410170741379261, -0.44763562083244324, 0.17953792214393616, -0.17205770313739777, 0.3233426511287689, 0.15599793195724487, 0.11164804548025131, 0.027925793081521988, -0.1769302785396576, -0.11953409016132355, -0.21613089740276337, -0.36110395193099976, -0.4459799826145172, -0.14949165284633636, 0.12624967098236084, -0.07208582758903503, 0.32109588384628296, 0.13931426405906677, 0.32100167870521545, 0.24374893307685852, -0.5042568445205688, -0.3061702847480774, 0.1727464646100998, 0.20863063633441925, 0.18795287609100342, 0.46188339591026306, -0.19085261225700378, -0.15799596905708313, 0.015680357813835144, -0.039003919810056686, -0.4630160927772522, -0.39360475540161133, 0.27797019481658936, 0.22786124050617218, 0.07700377702713013, 0.40250706672668457, -0.2440662682056427, 0.3907736539840698, 0.12280987948179245, -0.4885156452655792, -0.12656953930854797, 0.06624707579612732, 0.5392783880233765, -0.34729593992233276, -0.13800427317619324, 0.13556043803691864]]
body_pose: [[[-0.467817097902298, -0.010705430060625076, 0.06529326736927032], [-0.060654304921627045, -0.06448782235383987, -0.045678868889808655], [0.20293809473514557, -0.0036792014725506306, -0.013598320074379444], [0.3729718029499054, 0.020650306716561317, -0.03830099105834961], [0.6998655200004578, 0.05082813277840614, 0.10391668975353241], [-0.08960216492414474, -0.034654516726732254, -0.03628747910261154], [-0.1639838069677353, 0.33210596442222595, -0.36262834072113037], [-0.22856508195400238, -0.1827193796634674, 0.15298554301261902], [0.031031975522637367, -0.01726524345576763, -0.031177915632724762], [-0.004389987792819738, 0.03960300236940384, 0.07459618151187897], [-0.009622985497117043, -0.06428280472755432, -0.014205926097929478], [-0.21469025313854218, -0.003013375448063016, 0.06036771088838577], [-0.015080339275300503, 0.0369938462972641, -0.39896121621131897], [-0.009015650488436222, 0.030280327424407005, 0.20303870737552643], [0.09536027163267136, 0.16017228364944458, 0.009275410324335098], [0.10691122710704803, -0.1663299947977066, -0.8507204055786133], [0.019772764295339584, 0.2974244952201843, 0.8825743198394775], [0.36510059237480164, -0.6449329257011414, 0.1830284297466278], [-0.049215979874134064, 1.2523913383483887, -0.14950385689735413], [-0.0704805999994278, -0.13722123205661774, 0.5174413919448853], [0.15178632736206055, 0.006418442353606224, -0.3567253053188324]]]
bodypose_mat: [[[[0.9978514909744263, -0.06043313816189766, -0.025302203372120857], [0.06534884870052338, 0.890501856803894, 0.45026206970214844], [-0.004679093603044748, -0.45094817876815796, 0.8925378322601318]], [[0.996880054473877, 0.04755747318267822, -0.06299704313278198], [-0.043649233877658844, 0.9971196055412292, 0.062025681138038635], [0.0657653734087944, -0.059082381427288055, 0.9960845112800598]], [[0.9999011754989624, 0.013132693246006966, -0.005028935149312019], [-0.013876761309802532, 0.9793868660926819, -0.20151641964912415], [0.0022788220085203648, 0.20156626403331757, 0.9794723391532898]], [[0.9990643262863159, 0.04121319577097893, 0.013109369203448296], [-0.03360128030180931, 0.9305346012115479, -0.3646593391895294], [-0.02722749300301075, 0.36387765407562256, 0.9310487508773804]], [[0.9935847520828247, -0.07836531102657318, 0.08153574168682098], [0.1124713122844696, 0.7600162029266357, -0.640097975730896], [-0.011807002127170563, 0.6451621055603027, 0.7639543414115906]], [[0.9987422227859497, 0.03777492791414261, -0.03296934440732002], [-0.034672535955905914, 0.9953314661979675, 0.09007296711206436], [0.03621792420744896, -0.0888165533542633, 0.9953893423080444]], [[0.8817859888076782, 0.31998056173324585, 0.3465052843093872], [-0.37323203682899475, 0.9225624203681946, 0.097859226167202], [-0.28835970163345337, -0.21561777591705322, 0.9329296350479126]], [[0.9718615412712097, -0.1295279860496521, -0.19674232602119446], [0.1709131896495819, 0.9625191688537598, 0.21058396995067596], [0.16209173202514648, -0.23828433454036713, 0.957573413848877]], [[0.9993650317192078, 0.030898477882146835, -0.01774248480796814], [-0.03143415227532387, 0.9990326762199402, -0.03075133077800274], [0.01677515171468258, 0.03128952533006668, 0.9993695616722107]], [[0.9964356422424316, -0.0745941698551178, 0.039392173290252686], [0.07442041486501694, 0.9972097277641296, 0.005860992707312107], [-0.03971945494413376, -0.0029085201676934958, 0.9992066621780396]], [[0.9978337287902832, 0.0145046291872859, -0.06416705995798111], [-0.013886268250644207, 0.9998527765274048, 0.010072317905724049], [0.06430371850728989, -0.009159457869827747, 0.9978882670402527]], [[0.9981808066368103, -0.05954631790518761, -0.009441815316677094], [0.0601905882358551, 0.9752348065376282, 0.21282410621643066], [-0.003464906942099333, -0.21300528943538666, 0.9770448207855225]], [[0.9208003282546997, 0.38808169960975647, 0.038978707045316696], [-0.3886321187019348, 0.9213632941246033, 0.007398288231343031], [-0.033042412251234055, -0.021960726007819176, 0.9992126226425171]], [[0.9790031909942627, -0.20174892246723175, 0.029155639931559563], [0.20147687196731567, 0.9794195890426636, 0.012015576474368572], [-0.030979733914136887, -0.0058891004882752895, 0.9995026588439941]], [[0.987166702747345, -0.0016067601973190904, 0.1596849411725998], [0.01683654636144638, 0.9954234957695007, -0.09406691044569016], [-0.15880300104618073, 0.09554827213287354, 0.9826759696006775]], [[0.6475878953933716, 0.7382734417915344, -0.18863287568092346], [-0.754953920841217, 0.6552026271820068, -0.027462491765618324], [0.10331791639328003, 0.16019348800182343, 0.981663703918457]], [[0.5967705845832825, -0.7576178312301636, 0.2643483579158783], [0.7630856037139893, 0.6377120018005371, 0.10499400645494461], [-0.24812348186969757, 0.13906310498714447, 0.9586950540542603]], [[0.7859839797019958, -0.27788835763931274, -0.5522746443748474], [0.05363769456744194, 0.9205731749534607, -0.38686949014663696], [0.6159157752990723, 0.27445048093795776, 0.7384610772132874]], [[0.30473893880844116, 0.08591117709875107, 0.9485532641410828], [-0.13978761434555054, 0.9891728162765503, -0.044680967926979065], [-0.9421218633651733, -0.11897996813058853, 0.31344878673553467]], [[0.8601599931716919, -0.48794329166412354, -0.14844617247581482], [0.4973820149898529, 0.8669242262840271, 0.03245772421360016], [0.11285406351089478, -0.10175328701734543, 0.9883877635002136]], [[0.9371462464332581, 0.3483353555202484, -0.02047671563923359], [-0.34737327694892883, 0.9257906675338745, -0.14914226531982422], [-0.03299437463283539, 0.14688119292259216, 0.9886036515235901]]]]
global_orient: [[[3.130591869354248, 0.01724471151828766, 0.015220720320940018]]]
globalorient_mat: [[[[0.9998920559883118, 0.010962906293570995, 0.009783178567886353], [0.01106905099004507, -0.999879777431488, -0.010862442664802074], [0.009662916883826256, 0.010969559662044048, -0.9998931884765625]]]]
transl: [[0.02544059418141842, 0.25398963689804077, -0.028893502429127693]]
expression: [[-0.6791494488716125, -0.09600841253995895, 0.14782868325710297, -0.21019944548606873, -0.3449687659740448, -0.6019552946090698, -0.22824843227863312, 0.43291646242141724, 0.23683667182922363, -0.1944279819726944, 0.20058049261569977, 0.42050549387931824, 0.24605095386505127, -0.42325401306152344, 0.3328406512737274, 0.03085322119295597, -0.042221371084451675, 0.08760002255439758, -0.15214425325393677, 0.01888420805335045, -0.03850681334733963, 0.0437958762049675, -0.15000325441360474, -0.06814690679311752, -0.07055919617414474, 0.06960802525281906, -0.02674538642168045, 0.10844054818153381, 0.01975122094154358, -0.08616037666797638, -0.07845652103424072, -0.16380085051059723, -0.04289751127362251, 0.0786777138710022, 0.11591992527246475, 0.009222397580742836, 0.06345750391483307, -0.04091730713844299, -0.051396507769823074, -0.15607944130897522, -0.05191407352685928, 0.043779630213975906, -0.007696850690990686, -0.027387093752622604, -0.039738528430461884, 0.009449653327465057, -0.0004867836833000183, 0.12126992642879486, 0.06929032504558563, -0.0444837287068367]]
jaw_pose: [[[0.050827108323574066, 0.001876941998489201, -0.00025285861920565367]]]
left_hand_pose: [[[0.09505743533372879, 0.2990252673625946, -1.0577582120895386], [0.35087376832962036, -0.22140537202358246, -1.2979285717010498], [-0.2576223313808441, -0.2871614396572113, -0.1095188558101654], [-0.2912820279598236, 0.11065004765987396, -1.2298386096954346], [-0.21551969647407532, 0.16296949982643127, -0.8570968508720398], [0.026265671476721764, -0.15857729315757751, -0.30720216035842896], [-0.7212233543395996, -0.6612311601638794, -0.9012640118598938], [-0.3917224407196045, 0.0369391106069088, -0.6263495087623596], [-0.332891047000885, -0.049253810197114944, -0.058159179985523224], [-0.15686553716659546, -0.2820587456226349, -1.12818443775177], [-0.4929029643535614, -0.01777285896241665, -0.7053682208061218], [-0.2625981271266937, -0.21214209496974945, -0.4654063284397125], [1.3477545976638794, 0.5443278551101685, -0.09691359847784042], [-0.8179258108139038, -0.165847048163414, 0.10886994004249573], [0.7902231216430664, 0.018745457753539085, -0.3554549515247345]]]
right_hand_pose: [[[0.04829603061079979, -0.07826005667448044, 0.5184439420700073], [0.16496148705482483, 0.09245798736810684, 0.8019377589225769], [-0.06474029272794724, 0.10804565250873566, 0.2434387356042862], [-0.11193837970495224, 0.04031958803534508, 0.799774169921875], [-0.14707960188388824, -0.021509813144803047, 0.4590470790863037], [-0.04295315220952034, 0.08032076805830002, 0.29511886835098267], [-0.13775725662708282, 0.314487487077713, 0.5231217741966248], [-0.309059202671051, 0.06776734441518784, 0.3158819079399109], [-0.29839393496513367, 0.10529554635286331, 0.04261605441570282], [-0.014520242810249329, 0.13759435713291168, 0.7630377411842346], [-0.3485964238643646, 0.11381474137306213, 0.41401320695877075], [-0.19284453988075256, 0.11987095326185226, 0.3026076555252075], [0.5732588171958923, -0.10374904423952103, -0.15005791187286377], [-0.4317213296890259, -0.09691117703914642, 0.1947682648897171], [0.6166831254959106, -0.3246381878852844, 0.1539057344198227]]]
scale: [[1.0263301134109497]]
smpl_joints: [[0.028715429827570915, -0.09075820446014404, 0.01916627585887909], [0.08128905296325684, 0.0025917300954461098, -0.004781156778335571], [-0.031370192766189575, 0.013782878406345844, 0.0018859555711969733], [0.02699730359017849, -0.20218110084533691, -0.009688124991953373], [0.1598494052886963, 0.3425173759460449, 0.16628022491931915], [-0.09903153032064438, 0.3769209086894989, 0.012005174532532692], [0.03964400291442871, -0.33711016178131104, 0.00810868851840496], [0.12600743770599365, 0.7511764168739319, 0.18149623274803162], [-0.05854840576648712, 0.7016361355781555, -0.2449399083852768], [0.03156121075153351, -0.3895675241947174, 0.03777404874563217], [0.1924898624420166, 0.7990044355392456, 0.29842066764831543], [-0.10867597907781601, 0.8096456527709961, -0.16815997660160065], [0.03584389016032219, -0.5535598397254944, 0.033825717866420746], [0.08568020910024643, -0.4684091806411743, 0.04667326435446739], [-0.007423653267323971, -0.4778129756450653, 0.03721440210938454], [0.06662105768918991, -0.7105336785316467, 0.04248083010315895], [0.21690568327903748, -0.46122851967811584, 0.03076542727649212], [-0.11563901603221893, -0.5182181596755981, 0.027509750798344612], [0.20952878892421722, -0.19589760899543762, -0.027949364855885506], [-0.23059456050395966, -0.2634599804878235, 0.03356790915131569], [0.2541046142578125, 0.00039148327778093517, 0.13782893121242523], [-0.24920311570167542, -0.20730775594711304, 0.2839558720588684], [0.23755580186843872, 0.09082254767417908, 0.20939698815345764], [-0.24411270022392273, -0.15319442749023438, 0.4363298714160919]]
