betas: [[-0.21394801139831543, 0.24073079228401184, -0.5919907093048096, -0.524483323097229, -0.829258382320404, -0.10877960920333862, -0.6152297854423523, -0.04491540417075157, -0.43326762318611145, 0.05501445755362511, -1.0391160249710083, 0.3796970248222351, -0.11630745232105255, -0.44075244665145874, -0.3346867561340332, -0.16604681313037872, 0.1816490739583969, -0.566807746887207, -0.490239679813385, 0.24463532865047455, 0.21723319590091705, 0.18020465970039368, -0.16174763441085815, 0.15589846670627594, -0.24585242569446564, -0.11576791107654572, 0.2542125880718231, -0.0550108477473259, 0.2312246412038803, 0.08314906805753708, -0.05844899266958237, 0.0691910982131958, -0.2816440463066101, 0.19539712369441986, -0.36468902230262756, 0.7947927117347717, 0.05014633759856224, 0.218145489692688, -0.043693024665117264, 0.35513028502464294, 0.8169680833816528, -0.06155981123447418, -0.11397107690572739, -0.17088204622268677, -0.3837825357913971, -0.3572060763835907, -0.22416944801807404, -0.3481961488723755, 0.6212487816810608, 0.23936684429645538, 0.228166863322258, 0.20585228502750397, 0.06268612295389175, -0.4214826226234436, -0.4232456684112549, -0.00417330814525485, -0.37397319078445435, -0.12028250098228455, -0.6577947735786438, 0.36258694529533386, -0.4773328900337219, 0.8232190608978271, -0.039616748690605164, -0.022182203829288483, -0.31682947278022766, 0.18240097165107727, 0.4055786728858948, 0.17372286319732666, 0.4823421835899353, 0.11403889954090118, 0.19354572892189026, -0.19785918295383453, -0.6169373989105225, -0.03428294509649277, 0.12086264044046402, -0.07776818424463272, -0.37803027033805847, -0.24631744623184204, 0.2596275508403778, 0.07012015581130981, 0.08918751776218414, -0.3491622805595398, 0.11258994042873383, -0.4660770893096924, -0.21856693923473358, 0.23242272436618805, 0.047318946570158005, 0.2133151739835739, -0.11649558693170547, -0.4433501958847046, -0.2046041488647461, -0.7171751856803894, -0.14586898684501648, 0.13069449365139008, -0.0458124615252018, -0.1096833199262619, 0.3333134055137634, 0.37923920154571533, 0.392048716545105, -0.42578357458114624, 0.13650204241275787, -0.17841298878192902, 0.3927198052406311, -0.27464616298675537, -0.13339863717556, 0.2364150732755661, 0.42801398038864136, 0.5548986792564392, 0.22572071850299835, 0.06506887823343277, -0.24926182627677917, -0.289352685213089, -0.13783323764801025, 0.3274393081665039, -0.17464712262153625, 0.05517040565609932, 0.012269489467144012, -0.4692300856113434, -0.5327004790306091, -0.21988484263420105, -0.4052440822124481, -0.021872147917747498, -0.012188918888568878, 0.011005455628037453, 0.09307482838630676, -0.12668557465076447, -0.21306268870830536, 0.4448166787624359, 0.054125189781188965, -0.1470790058374405, -0.20197854936122894, 0.40112048387527466, 0.1821143627166748, -0.08554613590240479, 0.05457737296819687, 0.013197176158428192, 0.24781788885593414, 0.1310027539730072, -0.12386605888605118, 0.3705723285675049, -0.44271907210350037, 0.35361993312835693, 0.054738886654376984, -0.13841962814331055, -0.023735634982585907, 0.21050633490085602, 0.04312102869153023, 0.17285023629665375, -0.4675753712654114, -0.007985099218785763, -0.12234769016504288, -0.03024442121386528, 0.257470965385437, 0.3494950532913208, 0.27260154485702515, -0.45990538597106934, 0.06500689685344696, -0.2789524495601654, 0.36498749256134033, 0.07876728475093842, 0.06121459975838661, 0.08914291858673096, -0.15038274228572845, -0.14355789124965668, -0.26394012570381165, -0.29435282945632935, -0.39698007702827454, -0.14501893520355225, 0.1876920610666275, 0.057070374488830566, 0.3742649555206299, 0.16817261278629303, 0.4934876263141632, 0.20685510337352753, -0.3520295023918152, -0.15243488550186157, 0.25284886360168457, 0.12461280822753906, 0.21107414364814758, 0.4917931854724884, -0.29295647144317627, -0.016179993748664856, 0.0011934865033254027, -0.09500466287136078, -0.43134191632270813, -0.36272332072257996, 0.23507794737815857, 0.2005443125963211, 0.13267068564891815, 0.23442521691322327, -0.18241596221923828, 0.18835747241973877, 0.16408345103263855, -0.45019564032554626, -0.1703384965658188, 0.11988218128681183, 0.5597890615463257, -0.3572842478752136, -0.08219482004642487, 0.17486457526683807]]
body_pose: [[[-0.46204301714897156, -0.007125708274543285, 0.055759262293577194], [-0.044232647866010666, -0.05797615274786949, -0.05370425432920456], [0.1965896487236023, 0.016666321083903313, -0.016731329262256622], [0.352397084236145, 0.01899862289428711, -0.02855323627591133], [0.6936253905296326, 0.05857400968670845, 0.10121595114469528], [-0.10108346492052078, -0.014585702680051327, -0.04310603067278862], [-0.1415756195783615, 0.30151888728141785, -0.3733755946159363], [-0.24285808205604553, -0.20409245789051056, 0.17778350412845612], [0.0302487313747406, 0.004929330665618181, -0.03216785192489624], [0.02243407815694809, 0.06273961812257767, 0.07572274655103683], [0.03357858583331108, -0.08190210908651352, -0.0857607051730156], [-0.2048233598470688, -0.060773834586143494, 0.05269491299986839], [-0.013579062186181545, 0.03509088233113289, -0.4106908440589905], [0.0033381106331944466, -0.020622164011001587, 0.18778927624225616], [0.09494447708129883, 0.1313740760087967, 0.045782431960105896], [0.078231081366539, -0.21167691051959991, -0.8778629302978516], [0.011417754925787449, 0.25382494926452637, 0.9051165580749512], [0.022623145952820778, -0.7461845874786377, 0.05855531990528107], [-0.09705452620983124, 1.2261767387390137, -0.12304442375898361], [-0.029132403433322906, -0.09962717443704605, 0.3564501106739044], [0.11120631545782089, 0.06295409798622131, -0.39469870924949646]]]
bodypose_mat: [[[[0.9984484314918518, -0.05215094983577728, -0.019521893933415413], [0.05538433417677879, 0.8936446309089661, 0.44534459710121155], [-0.0057795122265815735, -0.44573476910591125, 0.8951464295387268]], [[0.9968794584274292, 0.05491220951080322, -0.05670999735593796], [-0.0523495227098465, 0.9975813031196594, 0.0457279235124588], [0.059083856642246246, -0.04261648282408714, 0.9973429441452026]], [[0.9997221231460571, 0.018255086615681648, 0.01491839624941349], [-0.014989347197115421, 0.9805997610092163, -0.19544658064842224], [-0.018196869641542435, 0.1951686292886734, 0.980600893497467]], [[0.9994179606437683, 0.03127310797572136, 0.013625461608171463], [-0.024647677317261696, 0.9381507039070129, -0.3453488051891327], [-0.023582858964800835, 0.34481197595596313, 0.9383754730224609]], [[0.9934396147727966, -0.07358293235301971, 0.08754104375839233], [0.11256352812051773, 0.7642840147018433, -0.6349798440933228], [-0.020182542502880096, 0.6406679749488831, 0.7675527930259705]], [[0.9989656209945679, 0.04375423118472099, -0.012379423715174198], [-0.042281366884708405, 0.9939681887626648, 0.10119059681892395], [0.016732269898056984, -0.10056250542402267, 0.9947900176048279]], [[0.8872212767601013, 0.33708706498146057, 0.3149772882461548], [-0.37889158725738525, 0.921923041343689, 0.08061627298593521], [-0.26321014761924744, -0.19086672365665436, 0.9456691741943359]], [[0.9637715220451355, -0.14938011765480042, -0.2209751307964325], [0.1984018087387085, 0.9552034735679626, 0.21959765255451202], [0.17827266454696655, -0.25548383593559265, 0.9502351880073547]], [[0.999470591545105, 0.032231807708740234, 0.004441270139068365], [-0.032082729041576385, 0.999025285243988, -0.03031804971396923], [-0.005414146929979324, 0.03015950880944729, 0.9995304942131042]], [[0.9951690435409546, -0.07489127665758133, 0.06348196417093277], [0.0762975886464119, 0.9968840479850769, -0.020022666081786156], [-0.06178463250398636, 0.024769457057118416, 0.9977821707725525]], [[0.9929774403572083, 0.08417041599750519, -0.08313295245170593], [-0.08691708743572235, 0.9957642555236816, -0.02998608909547329], [0.0802568644285202, 0.03700118511915207, 0.9960873126983643]], [[0.9967778921127319, -0.046071793884038925, -0.06565938889980316], [0.05846954882144928, 0.9777253866195679, 0.20157957077026367], [0.05490971729159355, -0.20476914942264557, 0.9772688746452332]], [[0.916248083114624, 0.398912638425827, 0.03685367852449417], [-0.39938241243362427, 0.9167641401290894, 0.0060931965708732605], [-0.03135548159480095, -0.020301591604948044, 0.999302089214325]], [[0.9822080135345459, -0.1867082118988037, -0.020187178626656532], [0.18663957715034485, 0.9824144244194031, -0.005248840898275375], [0.020812178030610085, 0.0013877267483621836, 0.9997824430465698]], [[0.990345299243927, -0.03934438154101372, 0.13292205333709717], [0.05178815871477127, 0.9944579005241394, -0.09149598330259323], [-0.12858553230762482, 0.097496397793293, 0.9868943095207214]], [[0.6194359660148621, 0.7547726035118103, -0.21591053903102875], [-0.770229160785675, 0.6374908685684204, 0.018771668896079063], [0.15180934965610504, 0.1546727567911148, 0.976232647895813]], [[0.5897654294967651, -0.776217520236969, 0.22285234928131104], [0.778908371925354, 0.6196147799491882, 0.09684707969427109], [-0.21325698494911194, 0.11646449565887451, 0.9700297117233276]], [[0.7327365279197693, -0.061287831515073776, -0.6777470111846924], [0.045180998742580414, 0.9981201887130737, -0.04141198471188545], [0.6790109276771545, -0.00027721081278286874, 0.7341281771659851]], [[0.3325742185115814, 0.04171512648463249, 0.9421541690826416], [-0.14631816744804382, 0.9892064929008484, 0.00785092357546091], [-0.9316573739051819, -0.14046527445316315, 0.33508825302124023]], [[0.9322919845581055, -0.3468834459781647, -0.10248704254627228], [0.34975263476371765, 0.9367785453796387, 0.010914726182818413], [0.09222151339054108, -0.04602082073688507, 0.9946745038032532]], [[0.9212639331817627, 0.3869238793849945, 0.03953014686703682], [-0.38002288341522217, 0.9171220064163208, -0.1202903538942337], [-0.08279719203710556, 0.09579680860042572, 0.9919513463973999]]]]
global_orient: [[[3.128633737564087, 0.009602831676602364, 0.09183408319950104]]]
globalorient_mat: [[[[0.9982596039772034, 0.005792880430817604, 0.05868806689977646], [0.006473371759057045, -0.9999139308929443, -0.011411603540182114], [0.05861691012978554, 0.011771651916205883, -0.9982112050056458]]]]
transl: [[0.025502314791083336, 0.2614249289035797, -0.0030606205109506845]]
expression: [[-0.5531079173088074, -0.0622868612408638, 0.17348039150238037, -0.19615668058395386, -0.38139674067497253, -0.5757888555526733, -0.22016973793506622, 0.3854535222053528, 0.24286028742790222, -0.18102233111858368, 0.18816836178302765, 0.39496684074401855, 0.25153613090515137, -0.4006737470626831, 0.33745062351226807, 0.019820155575871468, -0.09737102687358856, 0.05944438278675079, -0.13704395294189453, 0.050595320761203766, -0.03649467974901199, 0.014620110392570496, -0.1300467550754547, -0.08762257546186447, -0.09601502865552902, 0.07014758139848709, -0.0014603212475776672, 0.10465803742408752, 0.005356788635253906, -0.07696706056594849, -0.05950835347175598, -0.1460445523262024, -0.021498769521713257, 0.06812676787376404, 0.11745903640985489, 0.027124354615807533, 0.05924192816019058, -0.02811930701136589, -0.04924314096570015, -0.1283968836069107, -0.0677434578537941, 0.042942147701978683, -0.0013689943589270115, -0.029727332293987274, -0.04932846501469612, 0.018504872918128967, -0.00028646737337112427, 0.11893962323665619, 0.046007946133613586, -0.04054039344191551]]
jaw_pose: [[[0.04246765002608299, 0.0023590975906699896, 0.00018834174261428416]]]
left_hand_pose: [[[0.10721208155155182, 0.2725914716720581, -0.6975362300872803], [0.24766729772090912, -0.09817394614219666, -0.5671139359474182], [-0.14973394572734833, -0.06364642828702927, 0.1668757051229477], [-0.10948110371828079, 0.016016313806176186, -0.9518225789070129], [-0.14368434250354767, 0.10839121788740158, -0.2631874978542328], [0.009133363142609596, -0.09559334069490433, -0.058492619544267654], [-0.33297955989837646, -0.5499133467674255, -0.6623554229736328], [-0.18296906352043152, 0.06268097460269928, -0.3275875449180603], [-0.2600790560245514, -0.027503808960318565, 0.24306245148181915], [-0.01966407522559166, -0.1960141956806183, -0.8860042691230774], [-0.3154505789279938, -0.0023345951922237873, -0.20477718114852905], [-0.1662437468767166, -0.15445218980312347, -0.16031678020954132], [1.098955512046814, 0.44347482919692993, -0.08968772739171982], [-0.586796224117279, 0.14024335145950317, -0.08403172343969345], [0.689638614654541, 0.11328153312206268, -0.25625351071357727]]]
right_hand_pose: [[[0.04497841000556946, -0.0805186927318573, 0.5759771466255188], [0.17785412073135376, 0.09819339960813522, 0.7961856126785278], [-0.07009057700634003, 0.11835015565156937, 0.22745577991008759], [-0.10072558373212814, 0.009535221382975578, 0.8264603614807129], [-0.18720224499702454, -0.0034365025348961353, 0.5342002511024475], [-0.0484989732503891, 0.09482031315565109, 0.356142520904541], [-0.20938315987586975, 0.3338475227355957, 0.643035888671875], [-0.36333680152893066, 0.08579498529434204, 0.39859411120414734], [-0.3125591576099396, 0.13712935149669647, 0.07773662358522415], [-0.02133895456790924, 0.1098099946975708, 0.8061745762825012], [-0.3836989104747772, 0.09873470664024353, 0.4855187237262726], [-0.21152137219905853, 0.16928516328334808, 0.3958207964897156], [0.6994929313659668, -0.060637421905994415, -0.10174530744552612], [-0.47640302777290344, -0.06549900025129318, 0.23460987210273743], [0.6359960436820984, -0.3665624260902405, 0.2061225324869156]]]
scale: [[1.028827428817749]]
smpl_joints: [[0.02907395176589489, -0.08387699723243713, -0.00916155707091093], [0.08140257000923157, 0.009746507741510868, -0.035753410309553146], [-0.031851693987846375, 0.02145281806588173, -0.023504287004470825], [0.02540360949933529, -0.19552575051784515, -0.038276657462120056], [0.1662624180316925, 0.35223767161369324, 0.12959955632686615], [-0.10012213885784149, 0.38566532731056213, -0.016032371670007706], [0.03873644024133682, -0.3307620882987976, -0.02226209081709385], [0.13493813574314117, 0.762073278427124, 0.15287910401821136], [-0.07685092091560364, 0.7090180516242981, -0.2788521349430084], [0.0334942564368248, -0.38393208384513855, 0.007725992705672979], [0.20356932282447815, 0.8100470900535583, 0.26908499002456665], [-0.12430821359157562, 0.8172184228897095, -0.19987736642360687], [0.03685711324214935, -0.548345148563385, 0.0002819032524712384], [0.08815670013427734, -0.46318596601486206, 0.009008850902318954], [-0.005693709943443537, -0.4724396765232086, 0.009957216680049896], [0.0693356841802597, -0.7055284380912781, 0.00534802908077836], [0.21686623990535736, -0.45396241545677185, -0.02180599607527256], [-0.11370564997196198, -0.5147727727890015, 0.006663411855697632], [0.1936195343732834, -0.18511812388896942, -0.061671361327171326], [-0.23064246773719788, -0.259701669216156, 0.011598819866776466], [0.2463769018650055, -0.0062495386227965355, 0.12143907696008682], [-0.24878104031085968, -0.1945313662290573, 0.2604195475578308], [0.24117249250411987, 0.11472572386264801, 0.2367316633462906], [-0.23671135306358337, -0.14658081531524658, 0.4087810814380646]]
