betas: [[-0.1713334172964096, 0.253769189119339, -0.6102332472801208, -0.5029793381690979, -0.801649808883667, -0.10411631315946579, -0.5653810501098633, -0.05129968374967575, -0.4114055037498474, -0.07206567376852036, -0.8706642985343933, 0.4119877815246582, -0.143191859126091, -0.38169828057289124, -0.296560138463974, -0.33971402049064636, 0.2650059163570404, -0.5279340744018555, -0.5137845873832703, 0.22317394614219666, 0.31040075421333313, 0.20529238879680634, -0.3572966456413269, 0.16978463530540466, -0.3299201726913452, -0.10939641296863556, 0.2665880620479584, -0.08978131413459778, 0.24346885085105896, 0.06838429719209671, -0.14968614280223846, 0.0288836732506752, -0.08773070573806763, -0.1310369223356247, -0.22114700078964233, 0.6794487833976746, 0.017733315005898476, 0.0768585205078125, -0.1567174345254898, 0.3037664294242859, 0.6497743725776672, -0.1750820279121399, -0.5346375703811646, -0.0555880106985569, -0.40251657366752625, -0.41043543815612793, -0.016930241137742996, -0.2180410921573639, 0.44427070021629333, 0.4048326015472412, 0.21284674108028412, 0.26874876022338867, 0.010634495876729488, -0.4004195034503937, -0.5246714949607849, -0.15348142385482788, -0.33829426765441895, -0.2500201165676117, -0.49652817845344543, 0.41668668389320374, -0.4020249545574188, 0.8540905117988586, -0.07837096601724625, -0.02436564676463604, -0.5599726438522339, 0.15877296030521393, 0.5582720041275024, 0.22711291909217834, 0.5905308127403259, 0.19062791764736176, 0.18395210802555084, -0.2664695084095001, -0.3684585392475128, -0.07701848447322845, 0.3959263265132904, -0.15284521877765656, -0.2868993878364563, -0.061960041522979736, 0.3253619074821472, 0.11918071657419205, -0.1340063512325287, -0.4430100917816162, 0.2631230354309082, -0.4044972360134125, -0.3563788831233978, 0.5217874646186829, 0.14714372158050537, 0.13259053230285645, -0.16111424565315247, -0.44310954213142395, -0.2725602984428406, -0.7115927934646606, -0.12432920932769775, 0.1943240910768509, -0.3216085731983185, -0.11838265508413315, 0.2012629359960556, 0.43479040265083313, 0.41414251923561096, -0.3763909935951233, 0.3702562153339386, -0.19914434850215912, 0.46992358565330505, -0.3528504967689514, 0.005822521168738604, 0.17880353331565857, 0.43108630180358887, 0.5739755630493164, 0.26226839423179626, -0.021376177668571472, -0.4121089279651642, -0.45583298802375793, 0.0017398828640580177, 0.344652384519577, -0.2667563259601593, -0.14268817007541656, -0.05886422470211983, -0.5662136673927307, -0.495928555727005, -0.1960296332836151, -0.33898669481277466, 0.027379734441637993, -0.14133554697036743, 0.19395172595977783, -0.17316889762878418, -0.16517214477062225, 0.1083064079284668, 0.4584357738494873, 0.07635204493999481, -0.1419665664434433, 0.13239672780036926, 0.41828033328056335, 0.20022208988666534, -0.016997965052723885, 0.0986890196800232, 0.14376169443130493, 0.3941096365451813, 0.18974536657333374, -0.1316843330860138, 0.46004077792167664, -0.4237041771411896, 0.35658925771713257, 0.179018035531044, -0.10901331156492233, -0.022534657269716263, -0.4647737443447113, 0.11194588243961334, 0.2327299565076828, -0.5338366031646729, 0.03803111985325813, -0.19271020591259003, -0.005583947524428368, 0.2672934830188751, 0.3285714387893677, 0.5320095419883728, -0.5498235821723938, 0.19414107501506805, -0.2687976658344269, 0.38242030143737793, 0.07721332460641861, 0.011664258316159248, 0.09969159215688705, -0.3229409158229828, -0.10235589742660522, -0.24479065835475922, -0.3169800937175751, -0.38945215940475464, -0.1297024041414261, 0.14604809880256653, -0.027387835085392, 0.360918253660202, 0.19332705438137054, 0.5557007193565369, 0.26411086320877075, -0.25425946712493896, -0.00034280659747309983, 0.19532831013202667, 0.24945132434368134, 0.14687350392341614, 0.4612862169742584, -0.31362494826316833, -0.08250217884778976, 0.1669955998659134, -0.2681523859500885, -0.5036002993583679, -0.4271238148212433, 0.2940833270549774, 0.316472589969635, 0.028935013338923454, 0.2928086817264557, -0.23322121798992157, 0.51819908618927, 0.06556887924671173, -0.24465614557266235, -0.118654265999794, 0.14561577141284943, 0.55396568775177, -0.4109128713607788, -0.0986608937382698, 0.1705760955810547]]
body_pose: [[[-0.3613933026790619, 0.054027799516916275, 0.10925653576850891], [-0.003848595777526498, -0.08813201636075974, -0.09179241210222244], [0.1634821593761444, 0.020745910704135895, -0.0026428678538650274], [0.2729393541812897, 0.04444338008761406, -0.05183034390211105], [0.6318652629852295, 0.057576753199100494, 0.0892249122262001], [-0.07732485979795456, 0.0043649328872561455, -0.04428427666425705], [-0.16254688799381256, 0.3042747378349304, -0.3914982080459595], [-0.1736503392457962, -0.19683463871479034, 0.17979340255260468], [0.03416422754526138, 0.021249910816550255, -0.048552971333265305], [-0.04609384015202522, 0.02985263057053089, 0.012399625964462757], [-0.031270068138837814, -0.1001422256231308, 0.0112367644906044], [-0.15602530539035797, -0.09861492365598679, 0.02676950953900814], [-0.06342335790395737, 0.16649995744228363, -0.4408315122127533], [-0.013841250911355019, 0.057443637400865555, 0.18883849680423737], [0.13529890775680542, 0.1475033015012741, 0.06021241471171379], [0.3192826807498932, -0.2152589112520218, -0.8409161567687988], [-0.01823887787759304, 0.28939303755760193, 0.8882687091827393], [-0.05176939815282822, -0.6925143003463745, -0.11736050248146057], [-0.04373374581336975, 1.0643237829208374, -0.11362797766923904], [0.2506370544433594, -0.1511712372303009, 0.18059934675693512], [0.051967356353998184, 0.09035040438175201, -0.5132145881652832]]]
bodypose_mat: [[[[0.9926614761352539, -0.11627186089754105, 0.033223334699869156], [0.09698208421468735, 0.9295886754989624, 0.3556111752986908], [-0.07223160564899445, -0.34977954626083374, 0.9340431690216064]], [[0.9919144511222839, 0.09171401709318161, -0.08771774172782898], [-0.09137528389692307, 0.9957854151725769, 0.007877673022449017], [0.08807053416967392, 0.00020125688752159476, 0.9961143136024475]], [[0.9997817873954773, 0.0043228790163993835, 0.020436571910977364], [-0.0009389593033120036, 0.9866635203361511, -0.16277039051055908], [-0.02086765691637993, 0.16271568834781647, 0.9864522814750671]], [[0.9976844787597656, 0.05717453360557556, 0.036832623183727264], [-0.045123983174562454, 0.9616627097129822, -0.2704969048500061], [-0.05088609457015991, 0.2682085633277893, 0.9620159268379211]], [[0.9945521950721741, -0.06566756963729858, 0.0809551253914833], [0.1008206158876419, 0.8032635450363159, -0.5870288014411926], [-0.02647954598069191, 0.5919927358627319, 0.8055081367492676]], [[0.9990106225013733, 0.04405690357089043, 0.00607014587149024], [-0.04439419135451317, 0.9960325360298157, 0.07712573558092117], [-0.002648142399266362, -0.07731889933347702, 0.9970029592514038]], [[0.8798369765281677, 0.3497992157936096, 0.3217567503452301], [-0.3981460630893707, 0.9121739864349365, 0.09704811871051788], [-0.2595507800579071, -0.21349270641803741, 0.9418355822563171]], [[0.9647639989852905, -0.15982897579669952, -0.209010049700737], [0.19372200965881348, 0.9690226316452026, 0.1531895250082016], [0.17805132269859314, -0.1882815808057785, 0.9658405184745789]], [[0.9985960125923157, 0.04888366907835007, 0.02040671743452549], [-0.04815792292356491, 0.9982383251190186, -0.03465729206800461], [-0.022064941003918648, 0.03362588584423065, 0.9991909265518188]], [[0.9994776844978333, -0.013080907985568047, 0.02955116704106331], [0.0117052486166358, 0.9988611936569214, 0.04625453054904938], [-0.030122559517621994, -0.04588446393609047, 0.9984925985336304]], [[0.9949273467063904, -0.009651653468608856, -0.1001320481300354], [0.0127802025526762, 0.9994484782218933, 0.03064996749162674], [0.09978099912405014, -0.03177419677376747, 0.9945019483566284]], [[0.9947944283485413, -0.01894364319741726, -0.10012650489807129], [0.034285519272089005, 0.9875060319900513, 0.15380620956420898], [0.09596187621355057, -0.1564384251832962, 0.9830150008201599]], [[0.8910487294197083, 0.4192267060279846, 0.17401497066020966], [-0.4295892119407654, 0.9026769995689392, 0.02504746988415718], [-0.14657872915267944, -0.09707346558570862, 0.9844244718551636]], [[0.9805835485458374, -0.18800494074821472, 0.055766914039850235], [0.18721245229244232, 0.982132613658905, 0.019157221540808678], [-0.05837215855717659, -0.008344998583197594, 0.998259961605072]], [[0.9873548150062561, -0.049832701683044434, 0.1504901647567749], [0.06971719115972519, 0.9890742301940918, -0.1298912763595581], [-0.14237309992313385, 0.13874050974845886, 0.9800413846969604]], [[0.6493633389472961, 0.694068193435669, -0.31079980731010437], [-0.7580349445343018, 0.6234870553016663, -0.19143368303775787], [0.0609116367995739, 0.3599071502685547, 0.9309975504875183]], [[0.594456136226654, -0.7669900059700012, 0.24155405163764954], [0.7620848417282104, 0.6332162618637085, 0.13514405488967896], [-0.25661009550094604, 0.10374746471643448, 0.9609307646751404]], [[0.7633546590805054, 0.12509264051914215, -0.6337520480155945], [-0.09069924056529999, 0.9921077489852905, 0.08657912909984589], [0.6395806670188904, -0.008609753102064133, 0.7686758637428284]], [[0.47988224029541016, 0.07197698205709457, 0.8743754625320435], [-0.11423923075199127, 0.9932703375816345, -0.01906643435359001], [-0.8698634505271912, -0.09073832631111145, 0.4848753809928894]], [[0.9725379347801208, -0.1958184391260147, -0.125798299908638], [0.15830133855342865, 0.9527509808540344, -0.25924167037010193], [0.17061875760555267, 0.2322082817554474, 0.957584798336029]], [[0.8672986626625061, 0.49237021803855896, 0.0732436329126358], [-0.48778125643730164, 0.869968056678772, -0.07228386402130127], [-0.09931004792451859, 0.02696482464671135, 0.9946910738945007]]]]
global_orient: [[[3.0948963165283203, 0.00407831184566021, 0.2921275794506073]]]
globalorient_mat: [[[[0.9823397397994995, -0.0004831188707612455, 0.18710525333881378], [0.005706161726266146, -0.999454140663147, -0.032539140433073044], [0.18701885640621185, 0.033032145351171494, -0.9818007349967957]]]]
transl: [[0.01655019074678421, 0.27115631103515625, 0.010316506959497929]]
expression: [[-0.40959832072257996, -0.16998034715652466, 0.2108151614665985, -0.1780608594417572, -0.28221943974494934, -0.5030990839004517, -0.23468756675720215, 0.32180899381637573, 0.1573619544506073, 0.050345174968242645, 0.10304014384746552, 0.5209290385246277, 0.28808295726776123, -0.3667844831943512, 0.3353970944881439, -0.014478778466582298, -0.2535448968410492, 0.02353397198021412, -0.17608165740966797, 0.16232554614543915, -0.05903470516204834, -0.024974234402179718, -0.08314184099435806, -0.11523280292749405, -0.1724429875612259, 0.04652104899287224, 0.041249729692935944, 0.09411492198705673, -0.08368956297636032, -0.10619817674160004, -0.01488090492784977, -0.0965273529291153, -0.0014541788259521127, -0.00227910652756691, 0.09858989715576172, 0.03502107411623001, 0.06719492375850677, -0.020760133862495422, -0.013212974183261395, -0.02814449742436409, -0.07406356930732727, 0.0035797078162431717, -0.024914199486374855, -0.006294097751379013, -0.0678214281797409, 0.05969695746898651, -0.011783212423324585, 0.1554863452911377, -0.01604417897760868, -0.05309787765145302]]
jaw_pose: [[[0.05001932382583618, 0.003327702870592475, -0.0016553873429074883]]]
left_hand_pose: [[[0.09358891099691391, 0.37726473808288574, -0.8749206066131592], [0.2631412148475647, -0.12750697135925293, -1.3641083240509033], [-0.10877465456724167, -0.2394385039806366, -0.454823762178421], [-0.2781551778316498, 0.2410648763179779, -1.3263520002365112], [-0.2487505078315735, 0.12613710761070251, -1.024170994758606], [0.003742279252037406, -0.13361604511737823, -0.7145544290542603], [-0.9002769589424133, -0.5479826927185059, -1.2801209688186646], [-0.49534183740615845, -0.05509081110358238, -0.8487445116043091], [-0.5427966117858887, -0.10485630482435226, -0.3711611330509186], [-0.21572834253311157, -0.2562914490699768, -1.4570742845535278], [-0.6160079836845398, -0.14402668178081512, -0.9449339509010315], [-0.313042014837265, -0.22700804471969604, -0.7798585295677185], [0.8978132605552673, 0.40291106700897217, 0.13763102889060974], [-0.7679033279418945, 0.05184297263622284, -0.16520194709300995], [0.7761151790618896, 0.29559507966041565, -0.19645316898822784]]]
right_hand_pose: [[[-0.02549423649907112, -0.10816670954227448, 0.5624918937683105], [0.1922277957201004, 0.06649946421384811, 0.662048876285553], [-0.06444856524467468, 0.0963246077299118, 0.1773640662431717], [-0.008222484029829502, 0.04115596413612366, 0.7908903360366821], [-0.2039942443370819, -0.0028238173108547926, 0.40784376859664917], [-0.0327083095908165, 0.0840270146727562, 0.30250048637390137], [0.059358809143304825, 0.2649937570095062, 0.5627095103263855], [-0.41798824071884155, 0.09269239753484726, 0.30996352434158325], [-0.20037168264389038, 0.18951478600502014, 0.05651833862066269], [0.0770777016878128, 0.10632289201021194, 0.6919110417366028], [-0.36247751116752625, 0.08886298537254333, 0.4103583097457886], [-0.17581674456596375, 0.18426048755645752, 0.36368149518966675], [0.4756513237953186, 0.03847300261259079, -0.2119913548231125], [-0.4450702667236328, -0.08549417555332184, 0.39212918281555176], [0.47942882776260376, -0.27303677797317505, -0.04365464299917221]]]
scale: [[1.054593563079834]]
smpl_joints: [[0.019557317718863487, -0.07578791677951813, -0.022080417722463608], [0.07000890374183655, 0.020824512466788292, -0.054165489971637726], [-0.04405936598777771, 0.032758042216300964, -0.026545658707618713], [0.011481680907309055, -0.18996891379356384, -0.05360608175396919], [0.19667880237102509, 0.3822968304157257, 0.0649251639842987], [-0.1270948201417923, 0.40507233142852783, -0.016781527549028397], [0.02362636849284172, -0.3290818929672241, -0.04640160873532295], [0.1754966825246811, 0.8034191131591797, 0.09552975744009018], [-0.1444527953863144, 0.7496439814567566, -0.27102822065353394], [0.021644718945026398, -0.38420912623405457, -0.01695103943347931], [0.27062878012657166, 0.8497170805931091, 0.19777891039848328], [-0.18811842799186707, 0.8610063791275024, -0.18724223971366882], [0.022880589589476585, -0.5528935194015503, -0.02874220721423626], [0.07693679630756378, -0.46570584177970886, -0.027059253305196762], [-0.018289778381586075, -0.47504985332489014, -0.01005068700760603], [0.06123725697398186, -0.7135391235351562, -0.025190100073814392], [0.19452273845672607, -0.45268285274505615, -0.09753773361444473], [-0.1288425773382187, -0.517492413520813, 0.012684042565524578], [0.16154175996780396, -0.1825125515460968, -0.16095049679279327], [-0.23714731633663177, -0.2575000524520874, 0.07049058377742767], [0.20008134841918945, 0.03589797765016556, -0.009868203662335873], [-0.20807130634784698, -0.1749497354030609, 0.32020431756973267], [0.16107791662216187, 0.10341546684503555, 0.04605446383357048], [-0.18309862911701202, -0.13144716620445251, 0.48220881819725037]]
