betas: [[-0.19858652353286743, 0.2895354628562927, -0.6334726214408875, -0.47002843022346497, -0.7847117185592651, -0.0860300287604332, -0.5648050308227539, -0.15974098443984985, -0.4470955431461334, -0.02343972586095333, -0.7739769220352173, 0.4990798830986023, -0.20510144531726837, -0.5296355485916138, -0.307254433631897, -0.413753479719162, 0.1373516023159027, -0.5372218489646912, -0.523442804813385, 0.23292703926563263, 0.43289899826049805, 0.1575266718864441, -0.42256051301956177, 0.17410211265087128, -0.32013139128685, -0.17005687952041626, 0.3307274878025055, -0.09782849997282028, 0.2864447236061096, 0.04416629672050476, -0.18311884999275208, 0.10862535983324051, -0.035685401409864426, -0.1374531388282776, -0.4129948914051056, 0.6731736660003662, -0.16093823313713074, -0.15265385806560516, -0.219564750790596, 0.36308348178863525, 0.616338312625885, -0.19342273473739624, -0.5730666518211365, 0.03763420879840851, -0.4468435049057007, -0.4427507221698761, -0.17873349785804749, -0.11558718979358673, 0.5143506526947021, 0.44438478350639343, 0.023891402408480644, 0.31825006008148193, 0.07718915492296219, -0.3771927058696747, -0.48136186599731445, -0.17676235735416412, -0.3825347423553467, -0.36340421438217163, -0.6177257299423218, 0.4111544191837311, -0.38533151149749756, 0.9757108092308044, -0.02657647244632244, -0.027060046792030334, -0.5539951920509338, 0.12494204193353653, 0.5667147040367126, 0.18329255282878876, 0.6983568072319031, 0.2510896623134613, 0.097145214676857, -0.2963249087333679, -0.36003825068473816, -0.1044202372431755, 0.3442661762237549, -0.09314099699258804, -0.1502799540758133, 0.030749347060918808, 0.38026490807533264, 0.16329719126224518, 0.0035761957988142967, -0.33954715728759766, 0.29927289485931396, -0.3449808359146118, -0.34504449367523193, 0.45589303970336914, 0.09009762853384018, 0.28868553042411804, -0.21126945316791534, -0.4614899456501007, -0.35374295711517334, -0.9058290719985962, -0.08375492691993713, 0.23768268525600433, -0.345376193523407, -0.17314106225967407, 0.2893728017807007, 0.5079919695854187, 0.32151272892951965, -0.171500101685524, 0.2367556095123291, -0.40472444891929626, 0.4105150103569031, -0.37113240361213684, -0.02538933791220188, 0.2429942488670349, 0.539973258972168, 0.5348445177078247, 0.21419978141784668, -0.13286803662776947, -0.41067469120025635, -0.49822118878364563, -0.04647506773471832, 0.38747960329055786, -0.15398581326007843, -0.16304591298103333, 0.09989923983812332, -0.6195745468139648, -0.4742310643196106, -0.14514176547527313, -0.33317282795906067, 0.17738334834575653, -0.09878326207399368, -0.1031511127948761, 0.04801219329237938, -0.17840534448623657, 0.12010547518730164, 0.46509113907814026, 0.1347271203994751, -0.02522891014814377, 0.07591650635004044, 0.4132767617702484, 0.2290172576904297, -0.1969819813966751, 0.12868888676166534, -0.033085912466049194, 0.42614689469337463, 0.11980616301298141, -0.10349307209253311, 0.4041404128074646, -0.40788471698760986, 0.4330046772956848, 0.13510167598724365, 0.006086509209126234, 0.084925077855587, -0.37086594104766846, 0.14393667876720428, 0.2239428162574768, -0.5703408122062683, 0.01785120740532875, -0.16214461624622345, -0.02457268163561821, 0.19993090629577637, 0.31362539529800415, 0.5487709045410156, -0.4318898320198059, 0.20853185653686523, -0.277314156293869, 0.391605406999588, 0.017605796456336975, -0.050201114267110825, 0.05371340364217758, -0.5592284798622131, 0.007640093564987183, -0.028542309999465942, -0.24703074991703033, -0.339407354593277, -0.12343060970306396, 0.12645947933197021, -0.1204172894358635, 0.4519456923007965, 0.136865496635437, 0.49296751618385315, 0.22607700526714325, -0.3062337636947632, -0.19007784128189087, 0.008478585630655289, 0.24117189645767212, 0.17397864162921906, 0.04783555865287781, -0.37425121665000916, 0.08169803768396378, 0.39368709921836853, -0.36141204833984375, -0.5502632856369019, -0.4127627909183502, 0.2569904923439026, 0.29255133867263794, 0.0008888408774510026, 0.4455483853816986, -0.0470450222492218, 0.6013903617858887, -0.015022561885416508, -0.36727893352508545, 0.02726592682301998, 0.12554435431957245, 0.5595651865005493, -0.3947557806968689, -0.15171648561954498, 0.2568795680999756]]
body_pose: [[[-0.28381404280662537, 0.07598123699426651, 0.1245880052447319], [0.028741808608174324, -0.10541298240423203, -0.09707792103290558], [0.12319986522197723, 0.01490354910492897, 0.0006663525127805769], [0.2557109594345093, 0.015113791450858116, -0.04420483857393265], [0.5858433246612549, 0.06159898638725281, 0.07915392518043518], [-0.004935198463499546, -0.0002657905570231378, -0.05959216132760048], [-0.18987396359443665, 0.3004567325115204, -0.40943393111228943], [-0.17955072224140167, -0.16836346685886383, 0.0758364200592041], [0.03534989058971405, 0.008444136939942837, -0.057632412761449814], [-0.06310299038887024, 0.02997412718832493, 0.06376566737890244], [0.02005104161798954, -0.11517792195081711, -0.1661892682313919], [-0.15132534503936768, -0.047082286328077316, 0.05054887384176254], [-0.08699052780866623, 0.07998595386743546, -0.44364580512046814], [-0.00399326765909791, 0.07987050712108612, 0.2072574943304062], [0.14166462421417236, 0.14405940473079681, 0.06564104557037354], [0.27673494815826416, -0.13671445846557617, -0.8530378937721252], [-0.05603644251823425, 0.20596745610237122, 0.9299743175506592], [0.26391729712486267, -0.7664989233016968, -0.015981240198016167], [-0.02725258655846119, 1.1282165050506592, -0.1358422338962555], [0.128436878323555, 0.09113141149282455, 0.1352345198392868], [-0.09240949898958206, 0.01599235273897648, -0.4432724118232727]]]
bodypose_mat: [[[[0.9894423484802246, -0.13317500054836273, 0.05716768279671669], [0.11179286241531372, 0.9523699879646301, 0.28371405601501465], [-0.09222841262817383, -0.2743277847766876, 0.957203209400177]], [[0.9897502064704895, 0.09522048383951187, -0.10643068701028824], [-0.09824484586715698, 0.9948840141296387, -0.02353205345571041], [0.103645458817482, 0.033747125416994095, 0.9940415620803833]], [[0.9998888969421387, 0.00025223655393347144, 0.014906320720911026], [0.0015815235674381256, 0.992420494556427, -0.12287893146276474], [-0.014824330806732178, 0.12288884818553925, 0.9923098087310791]], [[0.998914897441864, 0.04563022032380104, 0.00932407844811678], [-0.041787177324295044, 0.9665181040763855, -0.2531731128692627], [-0.020564237609505653, 0.2525087594985962, 0.9673761129379272]], [[0.9951165318489075, -0.05705637484788895, 0.08054695278406143], [0.09209377318620682, 0.8303452134132385, -0.549586832523346], [-0.035524334758520126, 0.554320752620697, 0.8315447568893433]], [[0.9982248544692993, 0.059557314962148666, -0.00011862639803439379], [-0.05955599993467331, 0.9982127547264099, 0.004940174985677004], [0.0004126379208173603, -0.0049243406392633915, 0.999987781047821]], [[0.8741729855537415, 0.3618345260620117, 0.32387861609458923], [-0.4174995422363281, 0.9006263613700867, 0.12069058418273926], [-0.2480236142873764, -0.2407236248254776, 0.9383689761161804]], [[0.9830453395843506, -0.059969235211610794, -0.17327888309955597], [0.09003227204084396, 0.9811099767684937, 0.17122337222099304], [0.1597374975681305, -0.18392102420330048, 0.9698747396469116]], [[0.9983043074607849, 0.05773703381419182, 0.007419350557029247], [-0.057438649237155914, 0.9977153539657593, -0.03556578978896141], [-0.009455862455070019, 0.03507932275533676, 0.9993398785591125]], [[0.9975195527076721, -0.0646156594157219, 0.02791905216872692], [0.06272560358047485, 0.9959790110588074, 0.0639638900756836], [-0.031939856708049774, -0.062053997069597244, 0.9975615739822388]], [[0.9796278476715088, 0.163897305727005, -0.11604741215705872], [-0.16619880497455597, 0.9860376715660095, -0.010375569574534893], [0.1127265989780426, 0.02945113740861416, 0.9931895136833191]], [[0.9976195693016052, -0.046761903911828995, -0.05068130046129227], [0.05387023463845253, 0.9873020052909851, 0.1494411826133728], [0.04304959997534752, -0.15181565284729004, 0.9874708652496338]], [[0.9001626968383789, 0.4248051643371582, 0.09616534411907196], [-0.4316418170928955, 0.8995881080627441, 0.06653327494859695], [-0.05824551358819008, -0.1013997495174408, 0.9931393265724182]], [[0.9754337668418884, -0.20571580529212952, 0.07880305498838425], [0.20539817214012146, 0.978602409362793, 0.012203400954604149], [-0.07962729781866074, 0.004282394889742136, 0.9968155026435852]], [[0.9875161051750183, -0.05498267710208893, 0.14761033654212952], [0.07531416416168213, 0.9878569841384888, -0.1358911246061325], [-0.13834623992443085, 0.14531181752681732, 0.9796656370162964]], [[0.6517183780670166, 0.7231035232543945, -0.22887657582759857], [-0.7584127187728882, 0.624704122543335, -0.18588964641094208], [0.008562679402530193, 0.29473060369491577, 0.9555420279502869]], [[0.5797514915466309, -0.8004959225654602, 0.1519685834646225], [0.7898037433624268, 0.5979470610618591, 0.13663560152053833], [-0.2002454251050949, 0.040810663253068924, 0.978895366191864]], [[0.7218641042709351, -0.08143799751996994, -0.6872262954711914], [-0.11001163721084595, 0.9669195413589478, -0.23013877868652344], [0.683234691619873, 0.24173180758953094, 0.6890254020690918]], [[0.4209311604499817, 0.09463425725698471, 0.9021425843238831], [-0.12220985442399979, 0.9913919568061829, -0.04697452485561371], [-0.8988224267959595, -0.09047766029834747, 0.4288730025291443]], [[0.9867510199546814, -0.12843407690525055, 0.0991317555308342], [0.1400967538356781, 0.9826701283454895, -0.12137652188539505], [-0.08182493597269058, 0.13365644216537476, 0.9876439571380615]], [[0.9032983183860779, 0.42753472924232483, 0.03558408096432686], [-0.42898744344711304, 0.8992268443107605, 0.0857958123087883], [0.004682530183345079, -0.09276434034109116, 0.99567711353302]]]]
global_orient: [[[3.052924156188965, -0.0030131114181131124, 0.37225157022476196]]]
globalorient_mat: [[[[0.9707304239273071, -0.009932223707437515, 0.23996606469154358], [0.006046467926353216, -0.9978172183036804, -0.06575943529605865], [0.24009539186954498, 0.06528563797473907, -0.9685514569282532]]]]
transl: [[0.010372660122811794, 0.24739426374435425, 0.007574941962957382]]
expression: [[-0.4930795133113861, -0.0570458248257637, 0.1750292181968689, -0.1721121370792389, -0.38563141226768494, -0.6089998483657837, -0.21889571845531464, 0.3432644009590149, 0.2678016424179077, -0.12645237147808075, 0.12863631546497345, 0.43369418382644653, 0.250222772359848, -0.37182289361953735, 0.3472364544868469, -0.012134512886404991, -0.16955652832984924, 0.03881143033504486, -0.1717221438884735, 0.1188768595457077, -0.03233197331428528, -0.019337356090545654, -0.06485171616077423, -0.10001329332590103, -0.15407736599445343, 0.06510748714208603, -0.01384039968252182, 0.11912389099597931, -0.020437411963939667, -0.0997832864522934, -0.05748635530471802, -0.16326597332954407, -0.019108690321445465, 0.01054963655769825, 0.12626035511493683, 0.04181724041700363, 0.04973062127828598, -0.029872722923755646, -0.055926136672496796, -0.14215511083602905, -0.06561227142810822, 0.01013631746172905, -0.0149808619171381, -0.02817694842815399, -0.07537564635276794, 0.033870019018650055, -0.0045305415987968445, 0.1665937304496765, 0.030789149925112724, -0.04894455149769783]]
jaw_pose: [[[0.0464777871966362, 0.002961288671940565, -0.0005473977071233094]]]
left_hand_pose: [[[0.024407265707850456, 0.2800110876560211, -0.8858465552330017], [0.3397693336009979, -0.16897128522396088, -1.1979868412017822], [-0.280215322971344, -0.3109872043132782, -0.37987184524536133], [-0.1872222125530243, 0.16027608513832092, -1.2664294242858887], [-0.24210219085216522, 0.04845530167222023, -0.848390519618988], [0.021103687584400177, -0.21278899908065796, -0.6446186304092407], [-0.3829830586910248, -0.45646584033966064, -1.028985619544983], [-0.7006844878196716, -0.10977494716644287, -0.6877168416976929], [-0.35119524598121643, -0.1733894646167755, -0.4831448495388031], [-0.04883097484707832, -0.16944703459739685, -1.222293734550476], [-0.5697826743125916, -0.19979441165924072, -0.8782163262367249], [-0.2694285213947296, -0.21387170255184174, -0.7628119587898254], [0.8075380325317383, 0.24370668828487396, 0.10268434137105942], [-0.574171245098114, 0.18057851493358612, -0.23655618727207184], [0.8754696846008301, 0.39900827407836914, -0.37483400106430054]]]
right_hand_pose: [[[-0.0010483316145837307, -0.045258622616529465, 0.502689778804779], [0.13711169362068176, 0.074034683406353, 0.5229921936988831], [-0.06614026427268982, 0.06784052401781082, 0.10135399550199509], [0.002334154676645994, 0.08839202672243118, 0.6689283847808838], [-0.21961833536624908, -0.022150356322526932, 0.3432876169681549], [-0.037819959223270416, 0.06941553205251694, 0.20310518145561218], [0.073558010160923, 0.2702600657939911, 0.4588369131088257], [-0.3303319215774536, 0.06792888045310974, 0.29463982582092285], [-0.22032327950000763, 0.18947704136371613, -0.07830603420734406], [0.09798333793878555, 0.1359080970287323, 0.5567376613616943], [-0.3473907709121704, 0.056916553527116776, 0.3170710504055023], [-0.16584336757659912, 0.17858530580997467, 0.2935478687286377], [0.6421395540237427, 0.03122764080762863, -0.08329576998949051], [-0.5147610902786255, -0.05516655743122101, 0.3262017071247101], [0.5055466294288635, -0.1830132156610489, 0.03525270149111748]]]
scale: [[1.0231348276138306]]
smpl_joints: [[0.013257855549454689, -0.09807807207107544, -0.018985629081726074], [0.061274729669094086, -0.003953291568905115, -0.04945632442831993], [-0.047834187746047974, 0.00738184992223978, -0.016200492158532143], [0.0029543032869696617, -0.20756371319293976, -0.052414581179618835], [0.1922284960746765, 0.35102778673171997, 0.03989763557910919], [-0.12959563732147217, 0.36781978607177734, -0.0029465139377862215], [0.012402290478348732, -0.3419775366783142, -0.05568154156208038], [0.1787397563457489, 0.7603391408920288, 0.05675181373953819], [-0.15816545486450195, 0.7130593657493591, -0.23221372067928314], [0.012191331014037132, -0.3954080045223236, -0.027557574212551117], [0.27699917554855347, 0.8043801784515381, 0.15058892965316772], [-0.1993085741996765, 0.8125978112220764, -0.14017266035079956], [0.016632435843348503, -0.5584279298782349, -0.04031798988580704], [0.06737328320741653, -0.47284942865371704, -0.039617713540792465], [-0.02448085881769657, -0.4842008948326111, -0.020229220390319824], [0.05445179343223572, -0.7145122289657593, -0.03840557858347893], [0.18458054959774017, -0.45554959774017334, -0.10235932469367981], [-0.1303836703300476, -0.5266764163970947, 0.007722773589193821], [0.14275337755680084, -0.19370457530021667, -0.15711942315101624], [-0.22986367344856262, -0.27030786871910095, 0.051371704787015915], [0.17386868596076965, 0.0027836263179779053, 0.010069482028484344], [-0.20069168508052826, -0.19695833325386047, 0.2951187491416931], [0.12761899828910828, 0.09196806699037552, 0.04833557456731796], [-0.1777772158384323, -0.15318019688129425, 0.46164289116859436]]
