betas: [[-0.11034154891967773, 0.27581343054771423, -0.5738847851753235, -0.48650363087654114, -0.9470006227493286, -0.07154920697212219, -0.5185689926147461, -0.08022354543209076, -0.37353450059890747, -0.15087395906448364, -0.7832364439964294, 0.49444833397865295, -0.15822714567184448, -0.5341269969940186, -0.22105829417705536, -0.3688504993915558, 0.15953491628170013, -0.5011026859283447, -0.45193812251091003, 0.20337769389152527, 0.4771413207054138, 0.20654140412807465, -0.5466570258140564, 0.14152708649635315, -0.2829892039299011, -0.0812135562300682, 0.4017874002456665, -0.13513483107089996, 0.3831113576889038, 0.059664200991392136, -0.020582808181643486, -0.02484861947596073, 0.14551173150539398, -0.16719503700733185, -0.49329909682273865, 0.48501697182655334, -0.20339886844158173, 0.10989157110452652, -0.19179542362689972, 0.2974182367324829, 0.890321671962738, -0.5130299925804138, -0.5888404846191406, -0.3109952509403229, -0.47890549898147583, -0.4388449788093567, -0.24683673679828644, 0.26587599515914917, 0.5038849711418152, 0.3750493824481964, -0.06413502246141434, 0.3119872808456421, 0.11026288568973541, -0.06699062883853912, -0.4749084413051605, -0.10196460038423538, -0.3017023801803589, -0.4650227725505829, -0.42757856845855713, 0.5660359263420105, -0.33372050523757935, 0.9845436215400696, -0.09411957859992981, -0.0716538205742836, -0.556986927986145, 0.34595391154289246, 0.5567868947982788, 0.17980346083641052, 0.6983521580696106, 0.19421538710594177, 0.07988004386425018, -0.14027093350887299, -0.41825276613235474, 0.02218550443649292, 0.3936479389667511, -0.15332256257534027, -0.08523241430521011, 0.0837373435497284, 0.234205961227417, 0.22242654860019684, 0.06317085772752762, -0.24035140872001648, 0.41894543170928955, -0.32871267199516296, -0.20580622553825378, 0.5065515041351318, -0.0613115094602108, 0.17905306816101074, -0.3610641658306122, -0.4562433660030365, -0.34951725602149963, -0.8825380802154541, -0.12079022079706192, 0.35785984992980957, -0.2537718415260315, -0.11249985545873642, 0.27202269434928894, 0.5202760696411133, 0.3840550184249878, -0.10111697018146515, 0.35381242632865906, -0.31261149048805237, 0.5990397930145264, -0.3485960066318512, 0.04361372068524361, 0.2737185060977936, 0.4048754870891571, 0.30513089895248413, 0.210643470287323, -0.1639852523803711, -0.3363766074180603, -0.44367632269859314, -0.030864384025335312, 0.33606740832328796, -0.03494875505566597, -0.3021935224533081, 0.19794592261314392, -0.6345441937446594, -0.5283987522125244, -0.05042622983455658, -0.2899678945541382, 0.02053258568048477, -0.16459228098392487, -0.29855862259864807, -0.15538311004638672, -0.18190667033195496, 0.22687090933322906, 0.5884693264961243, 0.23145654797554016, -0.016432620584964752, 0.18285410106182098, 0.37477850914001465, 0.21927645802497864, -0.15456007421016693, 0.1948338896036148, -0.05826401710510254, 0.36666354537010193, 0.012695655226707458, -0.18273082375526428, 0.43761730194091797, -0.4400791823863983, 0.5263959169387817, 0.10653078556060791, 0.021218271926045418, 0.0025958616752177477, -0.5281893610954285, 0.2309320569038391, 0.007316156756132841, -0.5633490681648254, 0.05550388619303703, -0.19953860342502594, 0.005603903438895941, 0.20515309274196625, 0.38746994733810425, 0.5078370571136475, -0.4174823760986328, 0.1606113463640213, -0.31042802333831787, 0.2283570021390915, 0.043782733380794525, -0.14361712336540222, 0.03373822569847107, -0.6547906994819641, 0.09664458781480789, -0.0755378007888794, -0.20390042662620544, -0.20054174959659576, -0.061972618103027344, 0.2347269505262375, -0.2453959584236145, 0.36191341280937195, 0.1811092644929886, 0.3568325340747833, 0.13858701288700104, -0.1219007596373558, -0.27704495191574097, -0.07178454846143723, 0.2717108428478241, 0.11567332595586777, 0.22186799347400665, -0.4570945203304291, 0.252385675907135, 0.3351101279258728, -0.38713130354881287, -0.546174943447113, -0.38037389516830444, 0.18257898092269897, 0.18659822642803192, 0.02461353875696659, 0.4385325610637665, -0.15605437755584717, 0.478070467710495, 0.2012314796447754, -0.42850035429000854, 0.012090160511434078, -0.015082726255059242, 0.4929482340812683, -0.3158334493637085, 0.021987875923514366, 0.11586654931306839]]
body_pose: [[[-0.2452201396226883, 0.10529788583517075, 0.17531953752040863], [0.04853794723749161, -0.13602176308631897, -0.13225290179252625], [0.09573359042406082, 0.06541342288255692, -0.022487377747893333], [0.2683246433734894, 0.019744092598557472, -0.045518387109041214], [0.6212759613990784, 0.07687918841838837, 0.0882173702120781], [-0.01737789437174797, 0.01822572946548462, -0.05859280750155449], [-0.21758826076984406, 0.2538321614265442, -0.4566435217857361], [-0.14674833416938782, -0.1914682388305664, 0.13534432649612427], [0.017667513340711594, 0.03711701184511185, -0.057639818638563156], [-0.15567922592163086, 0.031814634799957275, 0.1737290322780609], [-0.06628704071044922, -0.10780505836009979, -0.2809092700481415], [-0.1261320263147354, -0.08350880444049835, 0.054083503782749176], [-0.03474240377545357, 0.07744995504617691, -0.39063572883605957], [-0.07270345836877823, 0.10026807337999344, 0.18368983268737793], [0.19673378765583038, 0.14313150942325592, 0.04924153909087181], [0.4059007465839386, -0.16666029393672943, -0.8998934626579285], [-0.07199040800333023, 0.23385746777057648, 0.8687509894371033], [0.19736799597740173, -0.718277096748352, -0.07796840369701385], [0.012643897905945778, 0.8573674559593201, -0.11992064863443375], [0.11337874829769135, -0.04922017455101013, 0.062383852899074554], [0.025889607146382332, 0.0026272169779986143, -0.4923420548439026]]]
bodypose_mat: [[[[0.9792647361755371, -0.18515674769878387, 0.08220374584197998], [0.15955422818660736, 0.9549497961997986, 0.25022652745246887], [-0.12483158707618713, -0.23192209005355835, 0.9646912217140198]], [[0.9820610880851746, 0.12811866402626038, -0.13835345208644867], [-0.13469982147216797, 0.9901083111763, -0.03926238790154457], [0.13195465505123138, 0.057194244116544724, 0.9896044135093689]], [[0.9976103901863098, 0.025562619790434837, 0.06418629735708237], [-0.019307643175125122, 0.9951703548431396, -0.09624580293893814], [-0.06633659452199936, 0.09477654099464417, 0.9932858347892761]], [[0.9987766742706299, 0.04758811742067337, 0.013430923223495483], [-0.042323093861341476, 0.9631941914558411, -0.26545366644859314], [-0.02556903287768364, 0.2645605504512787, 0.9640299677848816]], [[0.9933786988258362, -0.05936058983206749, 0.09836246073246002], [0.1055540069937706, 0.8095876574516296, -0.5774307250976562], [-0.04535640403628349, 0.5839899182319641, 0.8104928731918335]], [[0.9981179237365723, 0.05839478224515915, 0.01872231252491474], [-0.058711398392915726, 0.9981330037117004, 0.016832347959280014], [-0.017704440280795097, -0.017899883911013603, 0.9996829032897949]], [[0.8671270608901978, 0.40576767921447754, 0.2888652980327606], [-0.4595400393009186, 0.8754445314407349, 0.14973241090774536], [-0.192128986120224, -0.2625822126865387, 0.9455881714820862]], [[0.9726857542991638, -0.11966549605131149, -0.19890354573726654], [0.1475844383239746, 0.9802001714706421, 0.13200946152210236], [0.17916831374168396, -0.15775878727436066, 0.9710875153541565]], [[0.9976509809494019, 0.057919424027204514, 0.03657705336809158], [-0.05726393684744835, 0.99818354845047, -0.018722020089626312], [-0.037594977766275406, 0.01658349670469761, 0.9991554617881775]], [[0.9844748973846436, -0.17459353804588318, 0.01806088350713253], [0.1696634590625763, 0.9729165434837341, 0.15699580311775208], [-0.0449821837246418, -0.15149417519569397, 0.9874340295791626]], [[0.9550909399986267, 0.28003090620040894, -0.09687064588069916], [-0.2729412019252777, 0.9586764574050903, 0.0802655890583992], [0.11534445732831955, -0.050220951437950134, 0.9920551776885986]], [[0.9950611591339111, -0.048595916479825974, -0.08655355870723724], [0.05910641700029373, 0.9906030297279358, 0.1233368068933487], [0.07974656671285629, -0.12784355878829956, 0.9885829091072083]], [[0.9217530488967896, 0.3789869248867035, 0.08209952712059021], [-0.38164207339286804, 0.9241169691085815, 0.01889747381210327], [-0.068707674741745, -0.04875143617391586, 0.9964450001716614]], [[0.978191614151001, -0.18582090735435486, 0.09279969334602356], [0.17856085300445557, 0.9805658459663391, 0.08128169178962708], [-0.10610003769397736, -0.06293867528438568, 0.9923616051673889]], [[0.9886031150817871, -0.03473016247153282, 0.1464850753545761], [0.06274466216564178, 0.9795409440994263, -0.19121374189853668], [-0.13684724271297455, 0.19822561740875244, 0.970556378364563]], [[0.6150409579277039, 0.7258260250091553, -0.30806034803390503], [-0.7880085110664368, 0.5520841479301453, -0.2724805176258087], [-0.027698198333382607, 0.4103408455848694, 0.9115114808082581]], [[0.6220289468765259, -0.7633769512176514, 0.17417088150978088], [0.7476538419723511, 0.645146906375885, 0.1574777215719223], [-0.23258069157600403, 0.032263804227113724, 0.9720417857170105]], [[0.7509743571281433, 0.003250380977988243, -0.6603233218193054], [-0.13851100206375122, 0.9785165190696716, -0.15270951390266418], [0.6456408500671387, 0.20614297688007355, 0.7352910041809082]], [[0.6481016278266907, 0.11057978868484497, 0.7534827589988708], [-0.10039980709552765, 0.9931725859642029, -0.05939820408821106], [-0.7549066543579102, -0.0371534563601017, 0.6547789573669434]], [[0.9968478679656982, -0.06497054547071457, -0.0455322191119194], [0.059398945420980453, 0.9916400909423828, -0.11454969644546509], [0.052593935281038284, 0.11148405075073242, 0.9923734664916992]], [[0.8812314867973328, 0.47267022728919983, -0.0037231475580483675], [-0.47260358929634094, 0.8809065818786621, -0.02548716962337494], [-0.008767281658947468, 0.02421967126429081, 0.9996682405471802]]]]
global_orient: [[[3.0242979526519775, -0.01666228473186493, 0.5632712244987488]]]
globalorient_mat: [[[[0.932963490486145, -0.022575153037905693, 0.3592623472213745], [0.001299380324780941, -0.9978138208389282, -0.06607447564601898], [0.3599686026573181, 0.06211189553141594, -0.9308945536613464]]]]
transl: [[-0.02317100577056408, 0.25063595175743103, 0.006225028075277805]]
expression: [[-0.4288036525249481, -0.08711252361536026, 0.1356334686279297, -0.08758381754159927, -0.439146488904953, -0.6580038666725159, -0.15484197437763214, 0.2761306166648865, 0.30759450793266296, -0.05411936342716217, 0.09879438579082489, 0.49248653650283813, 0.23984119296073914, -0.3303718566894531, 0.3951176106929779, -0.07532289624214172, -0.29539576172828674, 0.01585450954735279, -0.20174062252044678, 0.2166634351015091, -0.0367727130651474, -0.10569096356630325, 0.02785375714302063, -0.1002563014626503, -0.2295473963022232, 0.06009607017040253, -0.009045444428920746, 0.1305263340473175, -0.051609911024570465, -0.12203370034694672, -0.042510032653808594, -0.14728036522865295, -0.0038319495506584644, -0.06240461394190788, 0.14480070769786835, 0.05432150512933731, 0.06895092129707336, -0.025729436427354813, -0.034292593598365784, -0.1126478910446167, -0.061231501400470734, -0.010988272726535797, -0.030369559302926064, -0.019551187753677368, -0.09894540160894394, 0.06833256781101227, -0.00979841873049736, 0.1966605931520462, 0.0030656144954264164, -0.053511835634708405]]
jaw_pose: [[[0.041317861527204514, 0.0027525920886546373, -0.0008625837508589029]]]
left_hand_pose: [[[0.12323126196861267, 0.21835817396640778, -0.4908224642276764], [0.1470176726579666, -0.09326691925525665, -0.9818599224090576], [-0.08155117928981781, -0.11205177009105682, -0.2675958573818207], [-0.1419542282819748, 0.13747383654117584, -0.8524625301361084], [-0.21561478078365326, 0.10872045904397964, -0.7362737059593201], [-0.004416415933519602, -0.10722781717777252, -0.40522098541259766], [-0.5367650389671326, -0.34606099128723145, -0.7883865237236023], [-0.32756659388542175, -0.018022703006863594, -0.5710547566413879], [-0.43995270133018494, -0.10024289786815643, -0.1451663225889206], [-0.09028802067041397, -0.12516209483146667, -0.9345792531967163], [-0.4485761523246765, -0.08032061904668808, -0.6421778798103333], [-0.22794246673583984, -0.1669333428144455, -0.47131192684173584], [0.833982527256012, 0.4064015746116638, 0.07747440040111542], [-0.7040688991546631, 0.126379132270813, -0.03963390737771988], [0.666383683681488, 0.148788183927536, -0.23810428380966187]]]
right_hand_pose: [[[0.025061065331101418, -0.04164191707968712, 0.5790063738822937], [0.24872718751430511, 0.05854329466819763, 0.3568951487541199], [-0.17947275936603546, 0.08470126986503601, -0.03381524235010147], [-0.012442931532859802, 0.06249011307954788, 0.7968071699142456], [-0.12669165432453156, 0.014219407923519611, 0.14038002490997314], [0.000914590957108885, 0.0797353982925415, 0.17896735668182373], [-0.21810342371463776, 0.37846362590789795, 0.7413699626922607], [-0.2143101543188095, 0.0793469175696373, 0.25939688086509705], [-0.21634803712368011, 0.062316082417964935, -0.09835081547498703], [0.001403358532115817, 0.1375114768743515, 0.778464138507843], [-0.2763141095638275, 0.0791374072432518, 0.21406780183315277], [-0.14164148271083832, 0.16058757901191711, 0.25135287642478943], [0.6842969655990601, -0.03848725184798241, -0.11155600100755692], [-0.4651190936565399, 0.025782190263271332, 0.3696279227733612], [0.5282571911811829, -0.17303764820098877, -0.10159626603126526]]]
scale: [[1.0103485584259033]]
smpl_joints: [[-0.020619835704565048, -0.0942322313785553, -0.01911332458257675], [0.023323873057961464, -0.0011128324549645185, -0.05440773069858551], [-0.07937972247600555, 0.010677145794034004, -0.008322011679410934], [-0.03559887781739235, -0.20285393297672272, -0.05111449956893921], [0.17641331255435944, 0.3500124216079712, -0.00732787698507309], [-0.17089681327342987, 0.3657933175563812, 0.008934851735830307], [-0.026001080870628357, -0.3371470868587494, -0.06053563207387924], [0.17354241013526917, 0.7564249634742737, -0.013770181685686111], [-0.23188552260398865, 0.6953359842300415, -0.23048415780067444], [-0.020772304385900497, -0.3918747305870056, -0.035213615745306015], [0.28267595171928406, 0.8000528812408447, 0.06577423959970474], [-0.26728710532188416, 0.8019999861717224, -0.14591863751411438], [-0.020956354215741158, -0.552524745464325, -0.05755656957626343], [0.02920910343527794, -0.4677480459213257, -0.06328589469194412], [-0.05550124868750572, -0.4803876280784607, -0.024702638387680054], [0.015790868550539017, -0.7066051959991455, -0.06826946884393692], [0.13128748536109924, -0.4549334645271301, -0.1486847698688507], [-0.15223141014575958, -0.5266822576522827, 0.022533398121595383], [0.07400093972682953, -0.19948135316371918, -0.2071915864944458], [-0.23683768510818481, -0.2893536388874054, 0.13479335606098175], [0.10327181965112686, 0.011055562645196915, -0.06146424636244774], [-0.18879914283752441, -0.20505405962467194, 0.3695598244667053], [0.03922359645366669, 0.12449818849563599, -0.006680345628410578], [-0.163423091173172, -0.15441404283046722, 0.534510612487793]]
