betas: [[-0.17470049858093262, 0.2756805419921875, -0.615857720375061, -0.50167316198349, -0.806263267993927, -0.06460447609424591, -0.6326091885566711, -0.022238638252019882, -0.3795245885848999, -0.029425183311104774, -0.8961379528045654, 0.4096411168575287, -0.09846553951501846, -0.4530799686908722, -0.37114447355270386, -0.34590306878089905, 0.22465099394321442, -0.49208468198776245, -0.5365687012672424, 0.26619672775268555, 0.37466081976890564, 0.26482030749320984, -0.26493385434150696, 0.2287055253982544, -0.4098314940929413, -0.13641221821308136, 0.29606834053993225, -0.11532650142908096, 0.21461121737957, 0.1347692310810089, -0.16629935801029205, -0.01882966421544552, -0.11382628232240677, -0.1827629953622818, -0.21546737849712372, 0.6800497770309448, 0.042583025991916656, 0.02297651208937168, -0.2758188247680664, 0.2777160406112671, 0.7644141316413879, -0.2774008810520172, -0.6358550190925598, -0.03189105913043022, -0.35262054204940796, -0.3854813277721405, 0.02303249202668667, -0.23053205013275146, 0.3824276328086853, 0.4402875304222107, 0.3223385810852051, 0.2792458236217499, -0.03628396615386009, -0.43501725792884827, -0.5501089096069336, -0.20292909443378448, -0.3937903940677643, -0.2603895962238312, -0.6100142598152161, 0.5229169130325317, -0.38909655809402466, 0.7947264909744263, -0.16526272892951965, 0.030324075371026993, -0.5927947163581848, 0.10790786147117615, 0.5633223056793213, 0.28277719020843506, 0.5995146632194519, 0.1698024570941925, 0.2291904240846634, -0.26464247703552246, -0.35284385085105896, -0.15382543206214905, 0.38248759508132935, -0.20080764591693878, -0.32241880893707275, -0.164637953042984, 0.3832230269908905, 0.19476169347763062, -0.12115120887756348, -0.32469359040260315, 0.2956036627292633, -0.3945295512676239, -0.40201571583747864, 0.4073627293109894, 0.19897519052028656, 0.05587614327669144, -0.10426594316959381, -0.39755403995513916, -0.27818670868873596, -0.6902729272842407, -0.16746385395526886, 0.24646024405956268, -0.241116464138031, -0.1062479093670845, 0.2497366964817047, 0.41869452595710754, 0.4738086462020874, -0.30635926127433777, 0.2993159294128418, -0.19100017845630646, 0.4592127501964569, -0.3428114950656891, -0.020210014656186104, 0.10976861417293549, 0.40094706416130066, 0.5296295881271362, 0.2511410117149353, 0.02403312921524048, -0.3046008348464966, -0.4000502824783325, -0.1463444083929062, 0.4031083881855011, -0.2733834981918335, -0.14601896703243256, -0.05442926660180092, -0.5453102588653564, -0.4816959798336029, -0.16488882899284363, -0.34533393383026123, 0.021008649840950966, -0.11766650527715683, 0.2246968001127243, -0.1941407322883606, -0.26873838901519775, 0.11134433001279831, 0.45559772849082947, 0.06284046918153763, -0.16169020533561707, 0.12168389558792114, 0.4265812337398529, 0.17800936102867126, 0.09969848394393921, 0.21414808928966522, 0.17046253383159637, 0.4433797597885132, 0.16833573579788208, -0.1419319063425064, 0.40328553318977356, -0.44139471650123596, 0.3587859272956848, 0.2590351700782776, -0.1621643304824829, 0.029526252299547195, -0.3866178095340729, 0.15204039216041565, 0.2697129249572754, -0.5088570713996887, 0.16178660094738007, -0.1993299275636673, 0.004512000363320112, 0.24765582382678986, 0.35842135548591614, 0.5276150703430176, -0.5322076678276062, 0.17245833575725555, -0.37174224853515625, 0.38392889499664307, 0.18748751282691956, 0.0376419834792614, 0.1213698536157608, -0.3975151479244232, -0.11422108858823776, -0.2892080545425415, -0.340176522731781, -0.47456449270248413, -0.16947464644908905, 0.1983431726694107, -0.03464388847351074, 0.3897753357887268, 0.20986014604568481, 0.6584671139717102, 0.27866148948669434, -0.3236200213432312, 0.016505641862750053, 0.16219881176948547, 0.33766722679138184, 0.21572549641132355, 0.3821224570274353, -0.40891262888908386, -0.1176585704088211, 0.09023882448673248, -0.28128403425216675, -0.602121889591217, -0.35310816764831543, 0.248093381524086, 0.4283328652381897, 0.10576489567756653, 0.15367774665355682, -0.21789616346359253, 0.5446457862854004, 0.07303562015295029, -0.1068817600607872, -0.18641726672649384, 0.3271358013153076, 0.5608881711959839, -0.4022831320762634, -0.1391063928604126, 0.2417614907026291]]
body_pose: [[[-0.37197765707969666, 0.05230499058961868, 0.10281635820865631], [-0.016244204714894295, -0.08930029720067978, -0.09041500091552734], [0.176080584526062, 0.020910566672682762, -0.008668088354170322], [0.2751210629940033, 0.05823026970028877, -0.048399247229099274], [0.5936841368675232, 0.04523002728819847, 0.09240363538265228], [-0.08126072585582733, 0.0023413507733494043, -0.04103945940732956], [-0.15444760024547577, 0.29945194721221924, -0.4143776595592499], [-0.20034624636173248, -0.21313205361366272, 0.1734984964132309], [0.03360458463430405, 0.013563709333539009, -0.040031641721725464], [-0.036002956330776215, 0.03069874830543995, 0.005271535366773605], [-0.019327787682414055, -0.1183842197060585, -0.02110714465379715], [-0.15837115049362183, -0.10705283284187317, 0.03792446479201317], [-0.05014055594801903, 0.186651349067688, -0.432336688041687], [-0.024679595604538918, 0.061017364263534546, 0.20559902489185333], [0.188564732670784, 0.16724051535129547, 0.05402060225605965], [0.31548839807510376, -0.2498745322227478, -0.8399107456207275], [-0.04224325716495514, 0.2911369502544403, 0.8514120578765869], [0.039963945746421814, -0.7020536661148071, -0.09755250811576843], [-0.0942104235291481, 1.0910924673080444, -0.09837730973958969], [0.26485008001327515, -0.42301636934280396, 0.4627941846847534], [0.06830764561891556, 0.004096939694136381, -0.43946099281311035]]]
bodypose_mat: [[[[0.9934302568435669, -0.1098427027463913, 0.0321105495095253], [0.09063110500574112, 0.92646723985672, 0.36530062556266785], [-0.06987497955560684, -0.3599904179573059, 0.9303357601165771]], [[0.9919362664222717, 0.09089218080043793, -0.08832284808158875], [-0.08944355696439743, 0.9957864284515381, 0.020231327041983604], [0.08978955447673798, -0.012168279848992825, 0.9958863854408264]], [[0.9997444748878479, 0.01045877207070589, 0.020039763301610947], [-0.006786485202610493, 0.9845010638237, -0.17524752020835876], [-0.021562039852142334, 0.175066739320755, 0.9843204617500305]], [[0.9971527457237244, 0.055701080709695816, 0.05083047226071358], [-0.0397891141474247, 0.9612470269203186, -0.2728022336959839], [-0.06405601650476456, 0.2700030207633972, 0.9607263803482056]], [[0.9948660731315613, -0.07388827949762344, 0.06915195286273956], [0.09993801265954971, 0.8248955011367798, -0.5563810467720032], [-0.015933100134134293, 0.5604355335235596, 0.8280447721481323]], [[0.9991556406021118, 0.04088769480586052, 0.004004412330687046], [-0.04107782244682312, 0.9958591461181641, 0.0811004489660263], [-0.0006718196673318744, -0.08119647949934006, 0.9966978430747986]], [[0.8723869323730469, 0.3723771870136261, 0.31666430830955505], [-0.4175378680229187, 0.9045207500457764, 0.08662698417901993], [-0.25417155027389526, -0.20779159665107727, 0.9445736408233643]], [[0.9625990986824036, -0.14902804791927338, -0.22626006603240967], [0.19131824374198914, 0.9652169942855835, 0.1781948059797287], [0.19183406233787537, -0.2148178368806839, 0.9576287865638733]], [[0.9991070032119751, 0.04024003446102142, 0.012884657829999924], [-0.039784349501132965, 0.9986343383789062, -0.03385968133807182], [-0.014229578897356987, 0.03331683203577995, 0.9993435144424438]], [[0.9995149374008179, -0.0058220624923706055, 0.03059227578341961], [0.004717025440186262, 0.9993381500244141, 0.03607025742530823], [-0.030782030895352364, -0.03590846061706543, 0.9988808631896973]], [[0.9927787780761719, 0.02219763584434986, -0.11788800358772278], [-0.0199123565107584, 0.9995909333229065, 0.02052786946296692], [0.11829546093940735, -0.01803220435976982, 0.9928146600723267]], [[0.9935711026191711, -0.029234616085886955, -0.10937005281448364], [0.04613509774208069, 0.9867821335792542, 0.15534701943397522], [0.1033828929066658, -0.15939410030841827, 0.9817869663238525]], [[0.8911799192428589, 0.4117644429206848, 0.19039025902748108], [-0.42094969749450684, 0.907042384147644, 0.008687655441462994], [-0.16911476850509644, -0.08788696676492691, 0.981670081615448]], [[0.9770921468734741, -0.20475584268569946, 0.058017320930957794], [0.2032558023929596, 0.9786430597305298, 0.030736586079001427], [-0.06307175010442734, -0.01824011839926243, 0.9978422522544861]], [[0.9846415519714355, -0.037743646651506424, 0.17045968770980835], [0.06910507380962372, 0.9808688759803772, -0.18199121952056885], [-0.16032958030700684, 0.19097572565078735, 0.9684125185012817]], [[0.6430195569992065, 0.6869955062866211, -0.33847150206565857], [-0.7602918744087219, 0.6257742643356323, -0.17424918711185455], [0.09209835529327393, 0.3693827688694, 0.9247022271156311]], [[0.6218135356903076, -0.7465930581092834, 0.2365305870771408], [0.7351039052009583, 0.6605710387229919, 0.1525389552116394], [-0.2701297700405121, 0.07902377843856812, 0.9595754742622375]], [[0.75917649269104, 0.07611320167779922, -0.646419107913971], [-0.10301128774881363, 0.9946727156639099, -0.0038613181095570326], [0.6426815390586853, 0.06951989233493805, 0.7629726529121399]], [[0.4579946994781494, 0.03329605609178543, 0.8883311748504639], [-0.12614022195339203, 0.9916209578514099, 0.02786627784371376], [-0.8799599409103394, -0.1248168870806694, 0.4583571255207062]], [[0.8109114766120911, -0.4817684292793274, -0.3321472406387329], [0.373991459608078, 0.8632422089576721, -0.339032918214798], [0.45005881786346436, 0.15070544183254242, 0.8801903128623962]], [[0.9050100445747375, 0.4252530336380005, -0.010800284333527088], [-0.42497777938842773, 0.902723491191864, -0.0669633150100708], [-0.018726686015725136, 0.06519235670566559, 0.9976969361305237]]]]
global_orient: [[[3.103475332260132, 0.00787065178155899, 0.2848474979400635]]]
globalorient_mat: [[[[0.9832823276519775, 0.002738483715802431, 0.18206684291362762], [0.007319435942918062, -0.9996731877326965, -0.024493658915162086], [0.1819402575492859, 0.02541681006550789, -0.9829810261726379]]]]
transl: [[0.017970651388168335, 0.2680932879447937, -0.0018677124753594398]]
expression: [[-0.4769040644168854, -0.12487979978322983, 0.20986802875995636, -0.20294734835624695, -0.31254827976226807, -0.5207752585411072, -0.22622068226337433, 0.3386141061782837, 0.1887846142053604, -0.0554853230714798, 0.14294499158859253, 0.44856858253479004, 0.28895220160484314, -0.3765396773815155, 0.3276991546154022, 0.00760270468890667, -0.1908658742904663, 0.033881790935993195, -0.15471002459526062, 0.11475716531276703, -0.04657875746488571, -0.012576237320899963, -0.09548190236091614, -0.11058812588453293, -0.15403062105178833, 0.05336006358265877, 0.0198952779173851, 0.09594102948904037, -0.04665810614824295, -0.08914434909820557, -0.027905499562621117, -0.12045065313577652, -0.01728634163737297, 0.021316349506378174, 0.10308561474084854, 0.04321245104074478, 0.052025772631168365, -0.01860518380999565, -0.03841536119580269, -0.08161282539367676, -0.0810423418879509, 0.013409607112407684, -0.013957882300019264, -0.014996204525232315, -0.06946539878845215, 0.036434464156627655, -0.005928147584199905, 0.1492125242948532, 0.0032222778536379337, -0.04922732338309288]]
jaw_pose: [[[0.046019092202186584, 0.0031986823305487633, -0.0018030846258625388]]]
left_hand_pose: [[[0.1574801504611969, 0.1623014658689499, -0.32872119545936584], [0.09311045706272125, -0.04960443079471588, -0.6644377112388611], [-0.04906594008207321, -0.04033647105097771, -0.11687637120485306], [-0.1425948143005371, 0.09813159704208374, -0.8004685640335083], [-0.2006387710571289, 0.13925744593143463, -0.6755419373512268], [0.0015210721176117659, -0.12966828048229218, -0.3392062485218048], [-0.8737963438034058, -0.3950191140174866, -1.1595786809921265], [-0.22776277363300323, -0.047215674072504044, -0.7362654209136963], [-0.5677558779716492, -0.038724128156900406, -0.008014701306819916], [-0.23090022802352905, -0.19034406542778015, -1.1232866048812866], [-0.4934077560901642, -0.022653944790363312, -0.7977491617202759], [-0.19579988718032837, -0.24305932223796844, -0.5723109245300293], [1.0713860988616943, 0.39601221680641174, 0.01903860829770565], [-0.749143660068512, 0.21926815807819366, -0.15218260884284973], [0.7642538547515869, 0.20955981314182281, -0.2816367745399475]]]
right_hand_pose: [[[-0.028109602630138397, -0.08962859213352203, 0.4880135953426361], [0.17231981456279755, 0.07400371879339218, 0.6487706899642944], [-0.04974617063999176, 0.08762909471988678, 0.2203533798456192], [0.014743573032319546, 0.029797915369272232, 0.7151462435722351], [-0.22457611560821533, 0.018425021320581436, 0.43179336190223694], [-0.044396061450242996, 0.08284948021173477, 0.3264193832874298], [0.05279827117919922, 0.24671322107315063, 0.576483964920044], [-0.42011651396751404, 0.11708904057741165, 0.3194720447063446], [-0.21672534942626953, 0.18913067877292633, 0.029701633378863335], [0.08678916096687317, 0.0799914300441742, 0.6440836191177368], [-0.37285366654396057, 0.08009696006774902, 0.4184408485889435], [-0.1747620850801468, 0.21681420505046844, 0.3867906332015991], [0.49957549571990967, 0.0970914363861084, -0.1821853667497635], [-0.4473341703414917, -0.07418685406446457, 0.4380341172218323], [0.5046707391738892, -0.32393568754196167, -0.017198028042912483]]]
scale: [[1.0518776178359985]]
smpl_joints: [[0.02124185487627983, -0.07855679094791412, -0.011440169997513294], [0.07150685787200928, 0.01774861477315426, -0.043784696608781815], [-0.042510759085416794, 0.02953960932791233, -0.01686065085232258], [0.013679521158337593, -0.19260147213935852, -0.042357124388217926], [0.19414611160755157, 0.37823590636253357, 0.07740850001573563], [-0.1250874549150467, 0.40041181445121765, -0.005983239039778709], [0.027216752991080284, -0.3309640884399414, -0.03268800303339958], [0.17067088186740875, 0.7984304428100586, 0.10924720019102097], [-0.13722804188728333, 0.7551813125610352, -0.24484343826770782], [0.025519393384456635, -0.38539430499076843, -0.0022027576342225075], [0.263304203748703, 0.8466780185699463, 0.21193085610866547], [-0.18406017124652863, 0.8597641587257385, -0.15523968636989594], [0.026835734024643898, -0.5537258982658386, -0.011377912014722824], [0.08077048510313034, -0.46683141589164734, -0.010171684436500072], [-0.014460895210504532, -0.4758460819721222, 0.005510731600224972], [0.0630970373749733, -0.7142034769058228, -0.004485734272748232], [0.19761930406093597, -0.45670536160469055, -0.08077988028526306], [-0.12547627091407776, -0.5154216289520264, 0.02682042121887207], [0.16871976852416992, -0.18757450580596924, -0.1465606540441513], [-0.2366723120212555, -0.25837039947509766, 0.08810342848300934], [0.2028627246618271, 0.029846196994185448, 0.006172166205942631], [-0.2118488997220993, -0.18822090327739716, 0.34160783886909485], [0.18670128285884857, 0.13406501710414886, 0.11987131088972092], [-0.19195078313350677, -0.1356721967458725, 0.5033079981803894]]
