betas: [[-0.1201653704047203, 0.25125789642333984, -0.5372171998023987, -0.5442405939102173, -0.9868210554122925, -0.08342175930738449, -0.5573012232780457, 0.00013782385212834924, -0.37795594334602356, -0.13352090120315552, -0.7660101652145386, 0.6331663131713867, -0.3709506094455719, -0.5943452715873718, -0.22301676869392395, -0.25925278663635254, 0.13364729285240173, -0.4093952178955078, -0.4666397273540497, 0.25624239444732666, 0.49389150738716125, 0.07174401730298996, -0.6543182134628296, 0.0796542838215828, -0.2489439696073532, -0.2542419135570526, 0.42028769850730896, -0.12847313284873962, 0.2611571252346039, 0.09125655889511108, 0.007703692186623812, -0.19535836577415466, 0.16242405772209167, 0.05196262523531914, -0.7250990867614746, 0.6077166795730591, -0.3373478055000305, 0.10493528097867966, -0.11042416840791702, 0.2413311004638672, 0.9042221307754517, -0.35177624225616455, -0.6051926612854004, -0.15026038885116577, -0.3550716042518616, -0.3678123354911804, -0.13282305002212524, -0.08752477914094925, 0.6326918005943298, 0.4152524173259735, 0.15322844684123993, 0.14814935624599457, 0.23923827707767487, -0.13464152812957764, -0.5436015725135803, -0.1306125670671463, -0.18913668394088745, -0.5299617052078247, -0.5044099688529968, 0.5793904066085815, -0.2383742481470108, 1.051773190498352, -0.11417493224143982, -0.18181954324245453, -0.5151219964027405, 0.2162419557571411, 0.6337668895721436, 0.030132930725812912, 0.7525741457939148, 0.1145922914147377, 0.040295809507369995, -0.31630557775497437, -0.21321658790111542, -0.0690259337425232, 0.38015100359916687, -0.07977963238954544, -0.14483892917633057, 0.21131063997745514, 0.24938276410102844, 0.2641708254814148, 0.2158314436674118, -0.2477576732635498, 0.2536369562149048, -0.21049340069293976, -0.17769964039325714, 0.4849570393562317, 0.01742820255458355, 0.12743830680847168, -0.21120566129684448, -0.5238401889801025, -0.25412556529045105, -0.9973097443580627, -0.14424441754817963, 0.28293976187705994, 0.0067651644349098206, -0.13861151039600372, 0.25809746980667114, 0.5214053988456726, 0.07285352051258087, 0.057438213378190994, 0.3008596897125244, -0.3711024224758148, 0.5126994848251343, -0.34976881742477417, 0.037940699607133865, 0.1702548861503601, 0.3369288444519043, 0.27614185214042664, 0.08805475383996964, -0.1190057098865509, -0.2698861062526703, -0.5264215469360352, 0.07863950729370117, 0.26697832345962524, -0.01026373915374279, -0.2697714865207672, 0.32174152135849, -0.5099284052848816, -0.5593376755714417, -0.11492212861776352, -0.3340383768081665, 0.1044943779706955, -0.12607209384441376, -0.4352622926235199, -0.14877966046333313, -0.18356764316558838, 0.22735773026943207, 0.48397955298423767, 0.22712664306163788, 0.02959071286022663, 0.06888343393802643, 0.3672196865081787, 0.2152695208787918, -0.1429220736026764, 0.09034809470176697, -0.03407174348831177, 0.3580443263053894, 0.07027243077754974, -0.16045591235160828, 0.3089058995246887, -0.4488333463668823, 0.4562670588493347, 0.02740241214632988, 0.002758760703727603, 0.06277555227279663, -0.442376047372818, 0.1795617789030075, 0.012113615870475769, -0.640561044216156, 0.031439151614904404, -0.3333996832370758, 0.020571734756231308, 0.1724167913198471, 0.28605732321739197, 0.6376768350601196, -0.32255497574806213, -0.06440979987382889, -0.21600379049777985, 0.25901782512664795, -0.15072758495807648, -0.09125302731990814, 0.024833252653479576, -0.6384525299072266, 0.13003255426883698, -0.19110973179340363, -0.16462157666683197, -0.1583772748708725, -0.12198337912559509, 0.09500422328710556, -0.21700827777385712, 0.23647254705429077, 0.08723454177379608, 0.3652413785457611, -0.05955294147133827, -0.18897785246372223, -0.2830086350440979, -0.05665650963783264, 0.22402167320251465, 0.11422637104988098, -0.16015507280826569, -0.45400381088256836, 0.2617851197719574, 0.20604634284973145, -0.37338894605636597, -0.4483354389667511, -0.4848538041114807, 0.24325889348983765, 0.11256006360054016, 0.015873443335294724, 0.44724950194358826, -0.2800142168998718, 0.42105424404144287, 0.14892946183681488, -0.545740008354187, -0.040319010615348816, 0.10382524132728577, 0.526658833026886, -0.28025442361831665, -0.021243007853627205, 0.041723206639289856]]
body_pose: [[[-0.29166945815086365, 0.11395139992237091, 0.18991732597351074], [0.08176634460687637, -0.14008837938308716, -0.12899057567119598], [0.10790926218032837, 0.08645214885473251, -0.03555186465382576], [0.29048046469688416, 0.016239073127508163, -0.0401003435254097], [0.618772029876709, 0.11429659277200699, 0.08363494277000427], [-0.01818101666867733, 0.027387365698814392, -0.0496034137904644], [-0.18500560522079468, 0.24631553888320923, -0.4321662187576294], [-0.1816982626914978, -0.22502976655960083, 0.0845269188284874], [0.032325711101293564, 0.041404854506254196, -0.04699826240539551], [-0.13039565086364746, 0.037719108164310455, 0.24491044878959656], [-0.1414915919303894, -0.17343024909496307, -0.26905179023742676], [-0.11568097025156021, -0.060537733137607574, 0.049258213490247726], [-0.04462912678718567, 0.12069529294967651, -0.3950095772743225], [-0.06476708501577377, 0.05192498490214348, 0.15401719510555267], [0.14180444180965424, 0.10213517397642136, 0.029516832903027534], [0.3966549038887024, -0.12313473969697952, -0.9371111392974854], [-0.05927189067006111, 0.22681263089179993, 0.8764736652374268], [0.3889124095439911, -0.828255832195282, 0.02151736058294773], [-0.150250643491745, 0.9084945917129517, -0.08785749226808548], [0.022361544892191887, -0.08762310445308685, -0.03531293570995331], [-0.08661539107561111, 0.04109446704387665, -0.46128571033477783]]]
bodypose_mat: [[[[0.9757461547851562, -0.2021334171295166, 0.08403278887271881], [0.16926710307598114, 0.9401041269302368, 0.2958933115005493], [-0.13880950212478638, -0.2744927704334259, 0.9515175223350525]], [[0.9819331169128418, 0.12236244976520538, -0.14434245228767395], [-0.1337760090827942, 0.9883795976638794, -0.07217955589294434], [0.13383305072784424, 0.09018505364656448, 0.9868918061256409]], [[0.9956384301185608, 0.04008779302239418, 0.08424384146928787], [-0.030774639919400215, 0.993556797504425, -0.10907722264528275], [-0.08807370066642761, 0.10600890964269638, 0.9904569983482361]], [[0.9990708231925964, 0.041868045926094055, 0.010224198922514915], [-0.03718471899628639, 0.9573147296905518, -0.2866460382938385], [-0.021789083257317543, 0.28599950671195984, 0.957982063293457]], [[0.9903029799461365, -0.043940190225839615, 0.13179224729537964], [0.11232063919305801, 0.8115214705467224, -0.5734255909919739], [-0.08175580948591232, 0.582668125629425, 0.8085874915122986]], [[0.9983952045440674, 0.049325257539749146, 0.027821993455290794], [-0.049823030829429626, 0.998604953289032, 0.017491236329078674], [-0.026920417323708534, -0.018849343061447144, 0.9994599223136902]], [[0.8791573643684387, 0.38990721106529236, 0.27396121621131897], [-0.43441736698150635, 0.8920720219612122, 0.12445514649152756], [-0.1958671659231186, -0.2284291535615921, 0.9536541700363159]], [[0.9713263511657715, -0.06296402961015701, -0.229261115193367], [0.10354311764240265, 0.9800719022750854, 0.16952231526374817], [0.2140185832977295, -0.18839991092681885, 0.958489179611206]], [[0.998039186000824, 0.04762829840183258, 0.04061126708984375], [-0.04629041254520416, 0.9983737468719482, -0.03327152505517006], [-0.042129892855882645, 0.031326375901699066, 0.998620867729187]], [[0.9694980978965759, -0.24416568875312805, 0.02136455848813057], [0.2392793446779251, 0.9617587924003601, 0.13328713178634644], [-0.05309169739484787, -0.12410953640937805, 0.990847110748291]], [[0.9492873549461365, 0.2757375240325928, -0.15107059478759766], [-0.25144803524017334, 0.9542653560638428, 0.16171443462371826], [0.1887521594762802, -0.11552706360816956, 0.9752057194709778]], [[0.9969593286514282, -0.045602645725011826, -0.06318594515323639], [0.05259435251355171, 0.9921085834503174, 0.11381731927394867], [0.05749695003032684, -0.11679446697235107, 0.991490364074707]], [[0.915919840335846, 0.3810898959636688, 0.1259417086839676], [-0.38639935851097107, 0.9221177697181702, 0.019859373569488525], [-0.10856487601995468, -0.06685339659452438, 0.9918388724327087]], [[0.9868249297142029, -0.15490981936454773, 0.046685561537742615], [0.1515553742647171, 0.9860775470733643, 0.06842563301324844], [-0.056635383516550064, -0.06044866889715195, 0.9965633153915405]], [[0.9943633675575256, -0.02213987149298191, 0.10368865728378296], [0.03658522292971611, 0.9895375967025757, -0.1395598202943802], [-0.09951398521661758, 0.14256663620471954, 0.9847699403762817]], [[0.5910947918891907, 0.759063184261322, -0.27281856536865234], [-0.8037757873535156, 0.5260184407234192, -0.2779371738433838], [-0.06746429204940796, 0.38357216119766235, 0.921043336391449]], [[0.6175275444984436, -0.7673532962799072, 0.17270974814891815], [0.7548069357872009, 0.6398934721946716, 0.14423198997974396], [-0.22119271755218506, 0.041295282542705536, 0.9743554592132568]], [[0.6800668239593506, -0.16876165568828583, -0.7134623527526855], [-0.13148875534534454, 0.9292919635772705, -0.3451478183269501], [0.7212626338005066, 0.32853585481643677, 0.6097903847694397]], [[0.6123263239860535, 0.012332398444414139, 0.7905089855194092], [-0.1393744796514511, 0.9859026074409485, 0.0925784781575203], [-0.7782231569290161, -0.1668650060892105, 0.6054129600524902]], [[0.9955410361289978, 0.03427855670452118, -0.08788004517555237], [-0.03623642772436142, 0.9991271495819092, -0.0207805335521698], [0.08709101378917694, 0.023872334510087967, 0.9959142208099365]], [[0.8947324156761169, 0.4426614046096802, 0.059201326221227646], [-0.44615545868873596, 0.8918790817260742, 0.07414223998785019], [-0.01998051628470421, -0.09275045990943909, 0.9954889416694641]]]]
global_orient: [[[3.008495569229126, -0.01840892620384693, 0.6737719774246216]]]
globalorient_mat: [[[[0.9044920206069946, -0.024424048140645027, 0.4257907569408417], [0.0011378960916772485, -0.9982171654701233, -0.059676557779312134], [0.4264891445636749, 0.05446147173643112, -0.9028516411781311]]]]
transl: [[-0.023696327582001686, 0.2452535182237625, 0.013657154515385628]]
expression: [[-0.5095388889312744, -0.07123606652021408, 0.12086616456508636, -0.04791029542684555, -0.43443211913108826, -0.6822959780693054, -0.13104836642742157, 0.28502723574638367, 0.30593228340148926, -0.06470648944377899, 0.1083306074142456, 0.46466532349586487, 0.20260974764823914, -0.2799828052520752, 0.3483907878398895, -0.07217155396938324, -0.2653994560241699, -0.00697324238717556, -0.1710585355758667, 0.19791913032531738, -0.037857308983802795, -0.13139981031417847, 0.04562032222747803, -0.09810679405927658, -0.21659959852695465, 0.054883815348148346, -0.04295056313276291, 0.13640083372592926, -0.02462019771337509, -0.13230574131011963, -0.06183965504169464, -0.1677761822938919, -0.032552555203437805, -0.050831761211156845, 0.13527725636959076, 0.07410894334316254, 0.027620822191238403, -0.043109796941280365, -0.03919203206896782, -0.16122916340827942, -0.05004268139600754, -0.039608947932720184, -0.046864066272974014, -0.00641743466258049, -0.12665612995624542, 0.051774848252534866, -0.02899140492081642, 0.2181786596775055, -0.01270906813442707, -0.06430121511220932]]
jaw_pose: [[[0.03870502486824989, 0.0024256983306258917, -0.0003596036112867296]]]
left_hand_pose: [[[0.1115201786160469, 0.2619076371192932, -0.5321354866027832], [0.1836206167936325, -0.09032292664051056, -1.069921612739563], [-0.1267840415239334, -0.15290026366710663, -0.309633731842041], [-0.13748297095298767, 0.1939578801393509, -0.9471134543418884], [-0.23679548501968384, 0.1234675943851471, -0.7885655164718628], [0.013389206491410732, -0.15166442096233368, -0.4373982846736908], [-0.44689542055130005, -0.2745356857776642, -0.8704306483268738], [-0.39413395524024963, -0.015162818133831024, -0.5810755491256714], [-0.41074395179748535, -0.09795127809047699, -0.21344538033008575], [-0.04947113245725632, -0.07043999433517456, -1.0010548830032349], [-0.47104552388191223, -0.07131794095039368, -0.6849457621574402], [-0.2363022267818451, -0.1952645629644394, -0.5027615427970886], [0.8048153519630432, 0.3688527047634125, 0.0855540931224823], [-0.6684079170227051, 0.14108750224113464, -0.033142685890197754], [0.6366724371910095, 0.1388433575630188, -0.24852044880390167]]]
right_hand_pose: [[[0.03915264829993248, 0.014414851553738117, 0.5571960210800171], [0.23245014250278473, 0.0713595449924469, 0.4194035232067108], [-0.17657768726348877, 0.06713898479938507, -0.020570779219269753], [-0.033183928579092026, 0.07704048603773117, 0.7840117812156677], [-0.15048529207706451, 0.011156239546835423, 0.26527199149131775], [-0.004537059925496578, 0.07718681544065475, 0.1980758160352707], [-0.14591749012470245, 0.3026379942893982, 0.6167958378791809], [-0.2971802055835724, 0.1036520004272461, 0.3285444974899292], [-0.22801326215267181, 0.07519141584634781, -0.022125810384750366], [0.013789991848170757, 0.12850533425807953, 0.7374940514564514], [-0.3034266233444214, 0.09279147535562515, 0.3302285373210907], [-0.14903569221496582, 0.1655982881784439, 0.286789208650589], [0.7782290577888489, -0.08911099284887314, -0.04134698584675789], [-0.4723057746887207, 0.007832346484065056, 0.29686641693115234], [0.5507991313934326, -0.15176960825920105, -0.030972972512245178]]]
scale: [[1.0293158292770386]]
smpl_joints: [[-0.022266989573836327, -0.1044483482837677, -0.02649194933474064], [0.019017908722162247, -0.009838529862463474, -0.06584245711565018], [-0.0808013379573822, 0.002270116237923503, -0.01191238034516573], [-0.039304137229919434, -0.21545115113258362, -0.05682757496833801], [0.1888500601053238, 0.34027308225631714, -0.020650086924433708], [-0.17671698331832886, 0.36213967204093933, -0.0020614350214600563], [-0.027766747400164604, -0.3526824712753296, -0.06591138988733292], [0.19590282440185547, 0.7543477416038513, -0.024027399718761444], [-0.2657659947872162, 0.6876832246780396, -0.2515098452568054], [-0.019564280286431313, -0.4079992175102234, -0.04052706062793732], [0.3139569163322449, 0.7987833619117737, 0.04698973149061203], [-0.299306720495224, 0.7940540909767151, -0.16133016347885132], [-0.01988431066274643, -0.5724340677261353, -0.05723042041063309], [0.029055902734398842, -0.4858035445213318, -0.0715363621711731], [-0.052466437220573425, -0.4979671835899353, -0.023212764412164688], [0.019376516342163086, -0.7294325232505798, -0.06639315187931061], [0.11864686012268066, -0.4749859571456909, -0.17308101058006287], [-0.1459745168685913, -0.5476833581924438, 0.031220190227031708], [0.035476259887218475, -0.22175881266593933, -0.23260068893432617], [-0.23607616126537323, -0.30561405420303345, 0.14167574048042297], [0.08624017983675003, -0.01673949509859085, -0.07725152373313904], [-0.17443540692329407, -0.2215072065591812, 0.3782007396221161], [0.01811896450817585, 0.08343979716300964, -0.018570251762866974], [-0.12513373792171478, -0.17417097091674805, 0.5377252697944641]]
