betas: [[-0.21776971220970154, 0.2258734554052353, -0.6145132780075073, -0.6256278157234192, -0.8330532908439636, -0.15125088393688202, -0.6107662916183472, -0.08147594332695007, -0.45108622312545776, -0.1620100438594818, -0.8869932293891907, 0.44383904337882996, -0.24817100167274475, -0.5364132523536682, -0.4509655833244324, 0.07334145903587341, 0.13748839497566223, -0.43542683124542236, -0.4383358061313629, 0.2957906723022461, 0.4372066855430603, 0.06122183799743652, -0.43000328540802, 0.21863038837909698, -0.1727282553911209, -0.21562741696834564, 0.3642686605453491, 0.0008337448816746473, 0.3835395574569702, 0.0833953320980072, -0.22534199059009552, 0.128247931599617, -0.28169500827789307, 0.14323490858078003, -0.4203302562236786, 0.8358545899391174, -0.11739826202392578, 0.04043809324502945, -0.22302545607089996, -0.01839052513241768, 0.865473747253418, -0.017132960259914398, -0.2952864468097687, -0.03141987696290016, -0.461057186126709, -0.31290876865386963, 0.04329147934913635, -0.39313313364982605, 0.7036624550819397, 0.4231548011302948, 0.2987656891345978, 0.3510963022708893, 0.2851749658584595, -0.41763556003570557, -0.5442407727241516, 0.10589731484651566, -0.4024010896682739, -0.3656643331050873, -0.7072601318359375, 0.4129025936126709, -0.5633227825164795, 0.6965711712837219, -0.10280279070138931, 0.07024349272251129, -0.2979865074157715, 0.3135477602481842, 0.46681368350982666, 0.21216467022895813, 0.6373836994171143, 0.16296729445457458, 0.0697241872549057, -0.25925925374031067, -0.5421721935272217, -0.1757405549287796, -0.15694601833820343, -0.010666070505976677, -0.4072033166885376, -0.28673747181892395, 0.42657166719436646, 0.01313764974474907, -0.017070209607481956, -0.24825595319271088, 0.18273380398750305, -0.20255598425865173, -0.3184002637863159, 0.4443723261356354, -0.21389475464820862, 0.06305918842554092, 0.031432487070560455, -0.3730752766132355, -0.26936060190200806, -0.8734869360923767, -0.25272834300994873, 0.22578361630439758, 0.012046475894749165, -0.15478341281414032, 0.4192361533641815, 0.3784337043762207, 0.16925615072250366, -0.3573482930660248, 0.26500651240348816, -0.5296856760978699, 0.6369712352752686, -0.36138010025024414, -0.3216099739074707, 0.3204256594181061, 0.34292134642601013, 0.355089008808136, 0.21114324033260345, -0.01786712557077408, -0.4488579332828522, -0.13075682520866394, -0.12530754506587982, 0.388815313577652, -0.21294748783111572, 0.014874417334794998, 0.005042920354753733, -0.6036227345466614, -0.5234752893447876, -0.018654165789484978, -0.37173226475715637, 0.0010460995836183429, -0.049938302487134933, -0.10627643764019012, -0.04988475143909454, -0.3049224317073822, 0.03730100393295288, 0.4907742738723755, 0.01766400784254074, -0.15084832906723022, 0.12291309982538223, 0.48526549339294434, 0.0891173779964447, -0.27067700028419495, 0.19081814587116241, -0.1945807784795761, 0.22252163290977478, 0.1998855471611023, -0.15021029114723206, 0.06306228041648865, -0.48089343309402466, 0.24267710745334625, 0.06210148707032204, -0.1064954623579979, -0.1305575966835022, -0.005848383065313101, 0.08232087641954422, 0.26194941997528076, -0.4759131073951721, 0.02051636204123497, -0.25963109731674194, -0.02204958349466324, 0.1820361614227295, 0.2914848327636719, -0.2086537629365921, -0.5236688256263733, 0.18875840306282043, -0.12376731634140015, 0.2794821858406067, 0.14348167181015015, 0.10499244928359985, -0.0233187023550272, -0.3218326270580292, -0.04419708624482155, -0.3110980987548828, -0.26889941096305847, -0.42730867862701416, -0.1334824562072754, 0.06913336366415024, -0.11349817365407944, 0.45675650238990784, 0.16885584592819214, 0.18151237070560455, 0.065462626516819, -0.4261725842952728, -0.1993778496980667, 0.28236886858940125, 0.23807089030742645, 0.23250100016593933, 0.14680807292461395, -0.3950532376766205, -0.023620082065463066, 0.18777474761009216, -0.10450179874897003, -0.5556397438049316, -0.36380359530448914, 0.29844358563423157, 0.22730615735054016, 0.07675642520189285, 0.28544723987579346, 0.001884755096398294, 0.2961216866970062, 0.08245261013507843, -0.3756665587425232, -0.12600509822368622, 0.061166733503341675, 0.5405517816543579, -0.3429611623287201, -0.05843460559844971, 0.27089229226112366]]
body_pose: [[[-0.4958508014678955, -0.00940405111759901, 0.05583348125219345], [-0.04819903150200844, -0.05602201819419861, -0.02523612044751644], [0.18787086009979248, -5.428786244010553e-05, -0.02119264379143715], [0.4647773504257202, 0.005238719284534454, -0.04193967208266258], [0.7402387857437134, 0.0393838994204998, 0.10867635905742645], [-0.07546068727970123, -0.02460915967822075, -0.03806636855006218], [-0.12449422478675842, 0.23004601895809174, -0.28207582235336304], [-0.26843640208244324, -0.21491821110248566, 0.12712886929512024], [0.027441661804914474, -0.015644891187548637, -0.025923071429133415], [-0.0030854165088385344, -0.029776783660054207, 0.09398459643125534], [-0.039800651371479034, -0.11069744825363159, -0.007831600494682789], [-0.21112632751464844, 0.020094506442546844, 0.08319026976823807], [-0.039575569331645966, -0.006679852958768606, -0.3670429587364197], [-0.0262911356985569, 0.04874308034777641, 0.21577714383602142], [0.07543088495731354, 0.17284081876277924, -0.02740793116390705], [0.07295611500740051, -0.16553740203380585, -0.8278586268424988], [0.019525578245520592, 0.25302445888519287, 0.8767920732498169], [0.07363036274909973, -0.6336478590965271, 0.09131094813346863], [-0.1120867058634758, 1.1855285167694092, -0.07824818044900894], [-0.07185579091310501, -0.15121617913246155, 0.36181640625], [-0.0020053398329764605, 0.09649186581373215, -0.40419724583625793]]]
bodypose_mat: [[[[0.998430073261261, -0.05126088485121727, -0.022576093673706055], [0.05582790821790695, 0.8780699372291565, 0.4752645492553711], [-0.004539093933999538, -0.47577881813049316, 0.8795531988143921]], [[0.9981133341789246, 0.026559898629784584, -0.055357225239276886], [-0.023861058056354523, 0.9985207915306091, 0.04885658994317055], [0.056572962552309036, -0.04744352772831917, 0.9972706437110901]], [[0.9997761845588684, 0.02106153778731823, -0.0020387815311551094], [-0.021071692928671837, 0.9821808338165283, -0.186753049492836], [-0.0019308514893054962, 0.18675418198108673, 0.9824048280715942]], [[0.9991229176521301, 0.04162921756505966, -0.0045200735330581665], [-0.03923823684453964, 0.893073558807373, -0.44819629192352295], [-0.014621295034885406, 0.44798052310943604, 0.8939236998558044]], [[0.9936258792877197, -0.0848834365606308, 0.0741780623793602], [0.1126985102891922, 0.7329672574996948, -0.6708635687828064], [0.0025751215871423483, 0.674947202205658, 0.7378614544868469]], [[0.9989733695983887, 0.03894513472914696, -0.02314205840229988], [-0.037089310586452484, 0.9964306354522705, 0.0758313462138176], [0.026012716814875603, -0.07489516586065292, 0.9968520998954773]], [[0.9345688819885254, 0.2610258460044861, 0.24175679683685303], [-0.28931382298469543, 0.9530504941940308, 0.08939921855926514], [-0.20707093179225922, -0.15349331498146057, 0.9662097096443176]], [[0.9691718220710754, -0.0957757756114006, -0.22700870037078857], [0.15282434225082397, 0.9563819169998169, 0.24895446002483368], [0.1932632029056549, -0.2759721279144287, 0.9415352940559387]], [[0.999541699886322, 0.02570122480392456, -0.01599617302417755], [-0.026130488142371178, 0.9992876052856445, -0.02723127231001854], [0.01528489962220192, 0.027636779472231865, 0.9995012283325195]], [[0.9951440095901489, -0.09378637373447418, -0.029873397201299667], [0.09387816488742828, 0.9955823421478271, 0.0016822704346850514], [0.029583647847175598, -0.0044785612262785435, 0.999552309513092]], [[0.9938495755195618, 0.01001383550465107, -0.11028552055358887], [-0.005613107234239578, 0.9991782903671265, 0.04014148563146591], [0.11059685796499252, -0.03927554935216904, 0.9930891394615173]], [[0.9963536262512207, -0.08458463102579117, 0.01117723248898983], [0.08036045730113983, 0.9743636846542358, 0.21013706922531128], [-0.028665052726864815, -0.2084726095199585, 0.9776080250740051]], [[0.9333794713020325, 0.3588904142379761, 0.0006517207366414368], [-0.3586290180683136, 0.9326273202896118, 0.039894476532936096], [0.013709930703043938, -0.037470411509275436, 0.9992036819458008]], [[0.9756332039833069, -0.2146349549293518, 0.04551611468195915], [0.21335873007774353, 0.9764719605445862, 0.03131132572889328], [-0.05116572231054306, -0.02083710767328739, 0.9984726905822754]], [[0.9847337603569031, 0.033741410821676254, 0.17076601088047028], [-0.020743276923894882, 0.9967892169952393, -0.07733660936355591], [-0.17282715439796448, 0.07261371612548828, 0.9822719097137451]], [[0.6644451022148132, 0.7265926003456116, -0.17485958337783813], [-0.7379639148712158, 0.6748400926589966, -1.5529716620221734e-05], [0.11799098551273346, 0.12905040383338928, 0.9845932722091675]], [[0.6117264628410339, -0.7577088475227356, 0.2273060530424118], [0.7623156309127808, 0.6413977146148682, 0.086509108543396], [-0.21134229004383087, 0.12035904824733734, 0.9699732661247253]], [[0.8020704984664917, -0.10765280574560165, -0.587446928024292], [0.06258945167064667, 0.9933552145957947, -0.09658120572566986], [0.5939407348632812, 0.04069694131612778, 0.8034788370132446]], [[0.37408730387687683, 0.002033010357990861, 0.9273912906646729], [-0.11987444013357162, 0.9917144775390625, 0.04618044197559357], [-0.9196134209632874, -0.12844602763652802, 0.3712314963340759]], [[0.9241243004798889, -0.3469464182853699, -0.16007018089294434], [0.35766899585723877, 0.9328592419624329, 0.04297156259417534], [0.13441410660743713, -0.09696320444345474, 0.9861698746681213]], [[0.9148923754692078, 0.392568439245224, 0.09413803368806839], [-0.39275917410850525, 0.9194791316986084, -0.017273731529712677], [-0.09333907812833786, -0.02116996981203556, 0.9954093098640442]]]]
global_orient: [[[3.113842010498047, 0.02120647393167019, -0.03919297456741333]]]
globalorient_mat: [[[[0.9995905160903931, 0.013960624113678932, -0.024976715445518494], [0.013270226307213306, -0.9995310306549072, -0.027597084641456604], [-0.02535027638077736, 0.027254339307546616, -0.9993069767951965]]]]
transl: [[0.023179318755865097, 0.24843551218509674, -0.00825593713670969]]
expression: [[-0.3941476047039032, -0.012657932937145233, 0.13469330966472626, -0.11833175271749496, -0.4237988591194153, -0.6025327444076538, -0.24508996307849884, 0.3121095895767212, 0.2729167342185974, -0.1196916475892067, 0.046454619616270065, 0.4214414954185486, 0.18553519248962402, -0.34812667965888977, 0.34885120391845703, -0.05631028115749359, -0.1689480096101761, 0.04314589500427246, -0.16877636313438416, 0.14203493297100067, -0.04795728623867035, -0.01542029157280922, -0.07603278011083603, -0.05238413065671921, -0.10190153121948242, 0.0938110277056694, -0.01381702721118927, 0.12926943600177765, -0.04020785540342331, -0.10307922959327698, -0.07578911632299423, -0.15530282258987427, 0.029698431491851807, 0.03227797895669937, 0.15193788707256317, 0.007411079481244087, 0.08037866652011871, -0.0665305107831955, -0.0315612256526947, -0.08381938934326172, -0.042236872017383575, 0.032571353018283844, -0.013316599652171135, -0.027544982731342316, -0.03271935507655144, 0.05899800732731819, 0.018281053751707077, 0.09749211370944977, 0.059822842478752136, -0.03559692203998566]]
jaw_pose: [[[0.04229225963354111, 0.00207914668135345, 0.0004149345913901925]]]
left_hand_pose: [[[0.14592494070529938, 0.23206204175949097, -0.8057023882865906], [0.20549149811267853, -0.12878617644309998, -0.6943567395210266], [-0.0990610346198082, -0.11067678034305573, -0.0028073140420019627], [-0.1958460658788681, 0.06900601089000702, -1.094093918800354], [-0.20554502308368683, 0.13170193135738373, -0.5826042294502258], [0.0022734375670552254, -0.10175347328186035, -0.30238446593284607], [-0.7263377904891968, -0.5552712082862854, -0.917606770992279], [-0.2391793429851532, 0.0020164311863482, -0.6363688111305237], [-0.49876779317855835, -0.11866391450166702, -0.045512158423662186], [-0.12607434391975403, -0.2491987943649292, -1.0949656963348389], [-0.49045446515083313, -0.08044558018445969, -0.5950063467025757], [-0.22720076143741608, -0.16075199842453003, -0.5255026817321777], [1.1921138763427734, 0.290729284286499, -0.08677079528570175], [-0.7933802008628845, -0.047161273658275604, -0.13419701159000397], [0.861842930316925, 0.2721564471721649, -0.2390201985836029]]]
right_hand_pose: [[[0.038693301379680634, -0.007566058076918125, 0.5965675115585327], [0.14408348500728607, 0.11361390352249146, 0.6876877546310425], [-0.06984983384609222, 0.09022891521453857, 0.1214078962802887], [-0.14373613893985748, 0.06248219311237335, 0.8635889887809753], [-0.19572198390960693, -0.011716661043465137, 0.5612736344337463], [-0.05516441538929939, 0.0917736142873764, 0.3285107910633087], [-0.23506450653076172, 0.33957985043525696, 0.6312836408615112], [-0.3485936224460602, 0.11299780011177063, 0.4432806074619293], [-0.34668296575546265, 0.18631236255168915, 0.05402591824531555], [-0.023221252486109734, 0.15797679126262665, 0.7852635383605957], [-0.4128214418888092, 0.1056194007396698, 0.5089373588562012], [-0.2143661379814148, 0.2005963772535324, 0.4485401511192322], [0.9238722920417786, -0.044904232025146484, 0.05856216326355934], [-0.5532864332199097, 0.0407085046172142, 0.1712116003036499], [0.6156476140022278, -0.23947937786579132, 0.20891262590885162]]]
scale: [[1.0494409799575806]]
smpl_joints: [[0.02611338533461094, -0.09909503906965256, -0.0024665994569659233], [0.07993657141923904, -0.0033532169181853533, -0.02340722642838955], [-0.03449765220284462, 0.007811062969267368, -0.020364711061120033], [0.025835776701569557, -0.21212948858737946, -0.03409315273165703], [0.15017345547676086, 0.3370451033115387, 0.16974228620529175], [-0.09785951673984528, 0.3803747892379761, -0.009914804250001907], [0.03935259208083153, -0.35055989027023315, -0.01961645297706127], [0.11089818924665451, 0.7542187571525574, 0.16329561173915863], [-0.03936640918254852, 0.7011469602584839, -0.28237760066986084], [0.031122257933020592, -0.40489885210990906, 0.009097464382648468], [0.1653868407011032, 0.8085522055625916, 0.2873145639896393], [-0.09734279662370682, 0.8109164834022522, -0.20762455463409424], [0.0363670252263546, -0.5721781253814697, 0.0022122012451291084], [0.08685199171304703, -0.4852825403213501, 0.01790548861026764], [-0.00845500361174345, -0.49513140320777893, 0.006199541501700878], [0.06495919078588486, -0.7340831160545349, 0.008121860213577747], [0.22290776669979095, -0.4800948202610016, 0.009855910204350948], [-0.12045517563819885, -0.5351549386978149, -0.00552034517750144], [0.22944018244743347, -0.20547309517860413, -0.02806815877556801], [-0.23868408799171448, -0.2755478024482727, 0.0003777898964472115], [0.28534525632858276, -0.01348929014056921, 0.14840002357959747], [-0.27264681458473206, -0.20339728891849518, 0.2511958181858063], [0.26049527525901794, 0.09298191964626312, 0.2382364720106125], [-0.25928544998168945, -0.16545170545578003, 0.4024994671344757]]
