betas: [[-0.10239999741315842, 0.26364532113075256, -0.5675786733627319, -0.4992885887622833, -0.9617584943771362, -0.09426228702068329, -0.6053911447525024, 0.007384828757494688, -0.34576576948165894, -0.10300400853157043, -0.8518129587173462, 0.4909162223339081, -0.19104823470115662, -0.5395857095718384, -0.19835969805717468, -0.25881707668304443, 0.19923759996891022, -0.4814474284648895, -0.4536101520061493, 0.3110431730747223, 0.45778322219848633, 0.11236673593521118, -0.47259190678596497, 0.1540568321943283, -0.265509694814682, -0.2086815983057022, 0.40414583683013916, -0.14690832793712616, 0.324907511472702, 0.10039906948804855, 0.022501356899738312, 0.022186454385519028, 0.08553292602300644, -0.04399871081113815, -0.5528668761253357, 0.5427020192146301, -0.24427008628845215, 0.20632942020893097, -0.18218666315078735, 0.26946234703063965, 0.9531891942024231, -0.3959449529647827, -0.591064989566803, -0.3381047546863556, -0.4716843068599701, -0.3588671088218689, -0.2565222382545471, 0.14314329624176025, 0.5568560361862183, 0.4257780611515045, 0.16090083122253418, 0.10726113617420197, 0.043597448617219925, -0.059718530625104904, -0.5039596557617188, -0.13216082751750946, -0.28794363141059875, -0.4832025468349457, -0.47061172127723694, 0.578647792339325, -0.3098249137401581, 0.9871513843536377, -0.08604194968938828, -0.11402630805969238, -0.5288426876068115, 0.20025382936000824, 0.523426353931427, 0.1279093623161316, 0.7130831480026245, 0.12027430534362793, 0.04371049627661705, -0.2231433242559433, -0.3745523691177368, -0.18147039413452148, 0.419609934091568, -0.1421794891357422, -0.12469030171632767, 0.14916615188121796, 0.21663351356983185, 0.23603053390979767, 0.1677107959985733, -0.19134816527366638, 0.26598671078681946, -0.301050066947937, -0.11299019306898117, 0.4908238649368286, 0.03884228318929672, 0.14986516535282135, -0.2518664598464966, -0.4753996431827545, -0.3034706711769104, -0.8811759948730469, -0.16798843443393707, 0.2819266617298126, -0.11843731999397278, -0.06708095967769623, 0.2813771367073059, 0.520209014415741, 0.1755860447883606, -0.07710506021976471, 0.29659736156463623, -0.3031611740589142, 0.5300058722496033, -0.41645002365112305, 0.037834953516721725, 0.22111938893795013, 0.3934047818183899, 0.2804982364177704, 0.13321064412593842, -0.05389111489057541, -0.28745409846305847, -0.5440441370010376, 0.022657429799437523, 0.31436458230018616, 6.631001451751217e-05, -0.2307475358247757, 0.2711174488067627, -0.573773980140686, -0.5017372369766235, -0.1609092503786087, -0.2592426538467407, 0.0862904042005539, -0.11472997069358826, -0.4166143834590912, -0.19189152121543884, -0.22950826585292816, 0.09759964793920517, 0.501861035823822, 0.25377610325813293, -0.013111768290400505, 0.16289925575256348, 0.3230861723423004, 0.23349425196647644, -0.1806829869747162, 0.1177234798669815, -0.14270631968975067, 0.3770492374897003, 0.0298683512955904, -0.13027431070804596, 0.31749773025512695, -0.39507198333740234, 0.43640363216400146, 0.06486714631319046, -0.014688179828226566, 0.054785098880529404, -0.5009138584136963, 0.21836696565151215, 0.03711485117673874, -0.6292585730552673, 0.03460991010069847, -0.14035682380199432, 0.0005556967807933688, 0.21204930543899536, 0.3035035729408264, 0.5477317571640015, -0.3172905147075653, 0.07510644197463989, -0.28591904044151306, 0.2727067172527313, -0.048340633511543274, -0.08185844868421555, 0.02438283897936344, -0.46442320942878723, 0.0589689165353775, -0.07622720301151276, -0.09419813007116318, -0.1707920879125595, -0.12031905353069305, 0.1298367977142334, -0.2202400118112564, 0.19316323101520538, 0.1818627268075943, 0.29728803038597107, 0.1875913441181183, -0.1560485064983368, -0.22316333651542664, -0.10173232853412628, 0.21031837165355682, 0.02290664240717888, -0.009592208079993725, -0.47878098487854004, 0.24815994501113892, 0.22132132947444916, -0.4073566496372223, -0.4528636336326599, -0.38525277376174927, 0.2312566190958023, 0.1543034166097641, -0.015594977885484695, 0.4902797341346741, -0.2099345475435257, 0.44923296570777893, 0.23739966750144958, -0.4009189307689667, 0.10139846056699753, 0.007186281960457563, 0.5288952589035034, -0.3718130588531494, 0.007181944791227579, -0.01713937520980835]]
body_pose: [[[-0.25000330805778503, 0.13350757956504822, 0.18396113812923431], [0.051114581525325775, -0.13716258108615875, -0.13044604659080505], [0.08020098507404327, 0.052936211228370667, -0.029636770486831665], [0.24397267401218414, 0.030743757262825966, -0.03290559723973274], [0.6056114435195923, 0.08253967761993408, 0.08742944151163101], [-0.018776992335915565, 0.005383974406868219, -0.05252983793616295], [-0.21464800834655762, 0.26081109046936035, -0.4431336224079132], [-0.14290876686573029, -0.18619607388973236, 0.0916389599442482], [0.024584205821156502, 0.024288810789585114, -0.055373020470142365], [-0.12450506538152695, 0.03104371204972267, 0.17042231559753418], [-0.11599870771169662, -0.1406213343143463, -0.21462860703468323], [-0.09235578030347824, -0.06813284009695053, 0.0625055804848671], [-0.09216850996017456, 0.14729289710521698, -0.39946722984313965], [-0.03715624287724495, 0.05077170580625534, 0.18761515617370605], [0.1362999826669693, 0.1602078527212143, 0.058217886835336685], [0.37698233127593994, -0.17420965433120728, -0.9289417862892151], [-0.07608997821807861, 0.20384058356285095, 0.9262028932571411], [0.4599132537841797, -0.7320603132247925, -0.008177976123988628], [0.02571728266775608, 0.9915717244148254, -0.1752273291349411], [0.10775301605463028, 0.018510598689317703, 0.014970527030527592], [0.015397460199892521, -0.01056303083896637, -0.4876261055469513]]]
bodypose_mat: [[[[0.9744119048118591, -0.19701115787029266, 0.10820417106151581], [0.16395017504692078, 0.9522848725318909, 0.2574370503425598], [-0.15375916659832, -0.23310960829257965, 0.9602177143096924]], [[0.9821423888206482, 0.1261175572872162, -0.13960862159729004], [-0.13310612738132477, 0.9902169704437256, -0.041870176792144775], [0.13296225666999817, 0.05970524623990059, 0.9893210530281067]], [[0.998161256313324, 0.031707823276519775, 0.051659587770700455], [-0.02746586501598358, 0.9963477849960327, -0.08084964007139206], [-0.054034486413002014, 0.07928210496902466, 0.9953866600990295]], [[0.9989912509918213, 0.03630019724369049, 0.02643585577607155], [-0.02883794531226158, 0.9698523283004761, -0.24198080599308014], [-0.03442282974720001, 0.2409743368625641, 0.969920814037323]], [[0.9929984211921692, -0.05776987224817276, 0.10303812474012375], [0.10618887096643448, 0.8186675906181335, -0.5643645524978638], [-0.05175070837140083, 0.5713545680046082, 0.8190701603889465]], [[0.9986061453819275, 0.05245180428028107, 0.00587420305237174], [-0.05255287513136864, 0.9984443783760071, 0.018625792115926743], [-0.0048881093971431255, -0.018908537924289703, 0.999809205532074]], [[0.8711900115013123, 0.393282949924469, 0.29386475682258606], [-0.44783204793930054, 0.8818833231925964, 0.14740502834320068], [-0.201182559132576, -0.26001983880996704, 0.9444126486778259]], [[0.9785803556442261, -0.07743805646896362, -0.1907454878091812], [0.10390662401914597, 0.9856657385826111, 0.13291499018669128], [0.1777186393737793, -0.14988772571086884, 0.972599446773529]], [[0.9981724619865417, 0.05563216283917427, 0.023591158911585808], [-0.05503525584936142, 0.9981653094291687, -0.025238987058401108], [-0.024951977655291557, 0.023894522339105606, 0.9994028806686401]], [[0.9850530624389648, -0.17105786502361298, 0.020239736884832382], [0.16720739006996155, 0.9778116345405579, 0.12619811296463013], [-0.04137783125042915, -0.1209276020526886, 0.991798460483551]], [[0.9672970771789551, 0.21990551054477692, -0.12640395760536194], [-0.20370110869407654, 0.9704355597496033, 0.12946297228336334], [0.15113651752471924, -0.0994805172085762, 0.9834944605827332]], [[0.9957315325737, -0.05918606370687485, -0.07082133740186691], [0.06546957045793533, 0.9937905669212341, 0.0899668037891388], [0.06505679339170456, -0.09421943128108978, 0.9934234619140625]], [[0.9107896089553833, 0.38027122616767883, 0.16079828143119812], [-0.3936336636543274, 0.9172860383987427, 0.06032394990324974], [-0.12455853819847107, -0.11823803931474686, 0.985142171382904]], [[0.9811729788780212, -0.18733330070972443, 0.04696682468056679], [0.18545295298099518, 0.9817696213722229, 0.041661474853754044], [-0.05391518026590347, -0.0321669764816761, 0.9980273246765137]], [[0.9855296611785889, -0.04688189923763275, 0.16289079189300537], [0.06863168627023697, 0.9890599250793457, -0.13057546317577362], [-0.1549871563911438, 0.1398654580116272, 0.9779654741287231]], [[0.5905908942222595, 0.7466353178024292, -0.30616670846939087], [-0.8068346977233887, 0.5393660068511963, -0.24104365706443787], [-0.014835789799690247, 0.3893841505050659, 0.9209558963775635]], [[0.5832136273384094, -0.7998480200767517, 0.14179207384586334], [0.7854730486869812, 0.599785566329956, 0.15260864794254303], [-0.20710855722427368, 0.02237040176987648, 0.9780621528625488]], [[0.7482935190200806, -0.15091706812381744, -0.6459727883338928], [-0.16531015932559967, 0.9006344676017761, -0.4019080102443695], [0.642440140247345, 0.4075310230255127, 0.64899080991745]], [[0.5344794392585754, 0.1587723344564438, 0.8301344513893127], [-0.13535623252391815, 0.9855989813804626, -0.10135796666145325], [-0.8342724442481995, -0.05819011479616165, 0.5482732057571411]], [[0.9997168183326721, -0.013943901285529137, 0.019278792664408684], [0.01593642123043537, 0.9940885901451111, -0.10739602893590927], [-0.017667310312390327, 0.10767287015914917, 0.9940292835235596]], [[0.8833962678909302, 0.46842265129089355, -0.013828963972628117], [-0.4685820937156677, 0.883334755897522, -0.012268899008631706], [0.006468574050813913, 0.017318304628133774, 0.999829113483429]]]]
global_orient: [[[3.039815664291382, -0.012235934846103191, 0.6120373010635376]]]
globalorient_mat: [[[[0.9220852255821228, -0.01577465794980526, 0.3866651952266693], [0.00030770074226893485, -0.999138593673706, -0.041495319455862045], [0.38698673248291016, 0.038381196558475494, -0.9212861061096191]]]]
transl: [[-0.021258093416690826, 0.24816599488258362, 0.0070767649449408054]]
expression: [[-0.45275428891181946, -0.006915129721164703, 0.15116722881793976, -0.1020732894539833, -0.465356707572937, -0.6744322180747986, -0.21599847078323364, 0.2501068413257599, 0.33630311489105225, -0.11478305608034134, 0.07152371108531952, 0.44024285674095154, 0.23221606016159058, -0.3312406539916992, 0.3584440052509308, -0.05994819849729538, -0.25900769233703613, 0.007820608094334602, -0.1848880648612976, 0.18150140345096588, -0.019345993176102638, -0.07462289184331894, 0.017916247248649597, -0.10224450379610062, -0.19870194792747498, 0.08970961719751358, -0.02954607456922531, 0.14917156100273132, -0.016490601003170013, -0.12031705677509308, -0.07722296565771103, -0.18380895256996155, -0.00015891401562839746, -0.03469621762633324, 0.14887893199920654, 0.05192644149065018, 0.03647533804178238, -0.04807496815919876, -0.05610085278749466, -0.14243745803833008, -0.041059769690036774, -0.025179967284202576, -0.020496869459748268, -0.016535717993974686, -0.10194835066795349, 0.03427708148956299, -0.01098921149969101, 0.18166565895080566, 0.01441277377307415, -0.04487193748354912]]
jaw_pose: [[[0.037466734647750854, 0.0027381049003452063, -0.0007116368506103754]]]
left_hand_pose: [[[0.10459970682859421, 0.3193698525428772, -0.6104838848114014], [0.21699553728103638, -0.12687630951404572, -1.1405702829360962], [-0.13574258983135223, -0.18505609035491943, -0.3320799767971039], [-0.17852897942066193, 0.21494345366954803, -0.974248468875885], [-0.22959911823272705, 0.09569184482097626, -0.8551100492477417], [0.0028094833251088858, -0.15175174176692963, -0.5266294479370117], [-0.6162377595901489, -0.4055771231651306, -0.9029008150100708], [-0.42973923683166504, -0.03359216824173927, -0.6365935206413269], [-0.39528223872184753, -0.08776957541704178, -0.2554151117801666], [-0.12200673669576645, -0.13036461174488068, -1.0703511238098145], [-0.48613542318344116, -0.11108711361885071, -0.7587990164756775], [-0.24367843568325043, -0.2209436446428299, -0.5596185326576233], [0.8147180676460266, 0.40385475754737854, 0.06845422089099884], [-0.6347850561141968, 0.07934847474098206, -0.033220645040273666], [0.6516881585121155, 0.19005973637104034, -0.25550737977027893]]]
right_hand_pose: [[[0.03667183592915535, -0.0728195384144783, 0.6161934733390808], [0.2693525552749634, 0.07795704156160355, 0.4848935306072235], [-0.23924364149570465, 0.1131424605846405, 0.01977376639842987], [-0.09055379033088684, 0.021478358656167984, 0.9127845168113708], [-0.1212916299700737, 0.02628074400126934, 0.3295973241329193], [0.016084935516119003, 0.10520979017019272, 0.27864083647727966], [-0.344571053981781, 0.4135803282260895, 0.8218681216239929], [-0.2597283720970154, 0.10390473157167435, 0.3381999433040619], [-0.2610665261745453, 0.05155840516090393, 0.038080669939517975], [-0.04890672490000725, 0.1413939744234085, 0.8976806998252869], [-0.3180721700191498, 0.11597096920013428, 0.34774914383888245], [-0.14942999184131622, 0.16179057955741882, 0.36750054359436035], [0.8095316290855408, -0.11927677690982819, -0.028755562379956245], [-0.4909021556377411, -0.0019135064212605357, 0.2943253219127655], [0.6085934638977051, -0.22497785091400146, 0.03282520920038223]]]
scale: [[1.0154920816421509]]
smpl_joints: [[-0.018744345754384995, -0.09984235465526581, -0.020600972697138786], [0.023264115676283836, -0.006695355288684368, -0.059375882148742676], [-0.07800623774528503, 0.005427731201052666, -0.010499550960958004], [-0.03369919955730438, -0.2100335657596588, -0.04954579472541809], [0.17822962999343872, 0.3472837209701538, -0.027182547375559807], [-0.1718260943889618, 0.36200574040412903, 3.0632866128144087e-06], [-0.02312801405787468, -0.34545794129371643, -0.058428265154361725], [0.18393073976039886, 0.7558224201202393, -0.034458331763744354], [-0.242808535695076, 0.690464437007904, -0.24201227724552155], [-0.017661409452557564, -0.4004375636577606, -0.032748736441135406], [0.30063050985336304, 0.7975201606750488, 0.03634826838970184], [-0.27730146050453186, 0.7972765564918518, -0.15590521693229675], [-0.017074504867196083, -0.562257707118988, -0.05324332043528557], [0.033009666949510574, -0.4769591689109802, -0.05953594297170639], [-0.05229714885354042, -0.48943352699279785, -0.02157636173069477], [0.021508188918232918, -0.716968834400177, -0.056689634919166565], [0.12825517356395721, -0.46300825476646423, -0.15235622227191925], [-0.1511872559785843, -0.5353219509124756, 0.021429164335131645], [0.06411825865507126, -0.2038624882698059, -0.19296661019325256], [-0.23891323804855347, -0.28588616847991943, 0.10637882351875305], [0.09870164841413498, -0.002207699930295348, -0.03377937152981758], [-0.1913595199584961, -0.2130630612373352, 0.3466685116291046], [0.039116643369197845, 0.10309120267629623, 0.003982141148298979], [-0.15660102665424347, -0.16185642778873444, 0.49630725383758545]]
