betas: [[-0.20604641735553741, 0.26132699847221375, -0.6137024760246277, -0.5159094333648682, -0.7934700846672058, -0.09423453360795975, -0.5881497263908386, -0.02964361198246479, -0.38880661129951477, -0.06876852363348007, -0.8448662161827087, 0.44295787811279297, -0.047037236392498016, -0.5200046896934509, -0.36858585476875305, -0.3460811972618103, 0.20306622982025146, -0.5513848066329956, -0.4702886641025543, 0.27103888988494873, 0.478137731552124, 0.251539021730423, -0.21808908879756927, 0.21940229833126068, -0.4045368432998657, -0.1904369443655014, 0.2916634976863861, -0.09825760871171951, 0.20989567041397095, 0.23850297927856445, -0.13846400380134583, -0.07202451676130295, -0.2291502058506012, -0.12371743470430374, -0.27474090456962585, 0.6642395853996277, -0.042331941425800323, 0.028848707675933838, -0.2702310085296631, 0.3614223003387451, 0.7301862239837646, -0.14443877339363098, -0.4353386461734772, -0.09766257554292679, -0.3932097554206848, -0.4580775499343872, 0.08235835283994675, -0.23233669996261597, 0.40494775772094727, 0.4476376175880432, 0.2632061839103699, 0.33242595195770264, 0.05755992606282234, -0.4080588221549988, -0.5431272983551025, -0.11507972329854965, -0.3745076358318329, -0.39115872979164124, -0.6232648491859436, 0.4626394510269165, -0.44869351387023926, 0.7457377314567566, -0.059896182268857956, 0.09563383460044861, -0.6096110939979553, 0.04548852890729904, 0.6000090837478638, 0.24352362751960754, 0.5195427536964417, 0.12874972820281982, 0.18818295001983643, -0.24617338180541992, -0.3796268701553345, -0.05580997094511986, 0.47244155406951904, -0.20039859414100647, -0.3340453505516052, -0.21860554814338684, 0.32804837822914124, 0.2430919110774994, -0.025887973606586456, -0.3949032723903656, 0.2937055826187134, -0.4377082288265228, -0.3810865879058838, 0.3267240524291992, 0.21716450154781342, 0.2576354444026947, -0.11327201128005981, -0.36587315797805786, -0.33927327394485474, -0.6632540822029114, -0.2112545222043991, 0.2585456371307373, -0.1869804710149765, -0.08860377967357635, 0.22102542221546173, 0.3931284248828888, 0.3640300929546356, -0.3822042644023895, 0.1768437922000885, -0.28007063269615173, 0.3999704122543335, -0.34876394271850586, 0.0004883697256445885, 0.2744791805744171, 0.4075475037097931, 0.557029128074646, 0.2852424383163452, 0.09780866652727127, -0.3068988025188446, -0.36536329984664917, -0.17435725033283234, 0.35035812854766846, -0.24461132287979126, -0.11316754668951035, -0.05623187869787216, -0.5483688712120056, -0.5259764790534973, -0.15950456261634827, -0.3599485456943512, -0.029816800728440285, -0.19382338225841522, 0.21879692375659943, 0.03894299641251564, -0.2581048309803009, -0.0747448205947876, 0.4254942536354065, -0.025513174012303352, -0.13174428045749664, 0.04813963174819946, 0.4242914617061615, 0.23266634345054626, 0.030688589438796043, 0.2571468949317932, 0.07605868577957153, 0.419576495885849, 0.1963862031698227, -0.07218500971794128, 0.4511633515357971, -0.4695911705493927, 0.4049474895000458, 0.2388014793395996, -0.27786439657211304, 0.029552454128861427, -0.3181154429912567, 0.1488187462091446, 0.26252806186676025, -0.5005893111228943, 0.07465843856334686, -0.127790167927742, -0.029243290424346924, 0.24304039776325226, 0.34653621912002563, 0.4535587430000305, -0.4677290618419647, 0.17057184875011444, -0.32591646909713745, 0.4012596607208252, 0.15519259870052338, 0.02199665643274784, 0.08375916630029678, -0.29363954067230225, -0.08915777504444122, -0.24671703577041626, -0.3347015976905823, -0.4620717763900757, -0.1647670418024063, 0.22416134178638458, -0.030841873958706856, 0.42234864830970764, 0.14634206891059875, 0.631024181842804, 0.26198890805244446, -0.24036355316638947, -0.04177205264568329, 0.019887136295437813, 0.3055202066898346, 0.1833684891462326, 0.46233606338500977, -0.4186897277832031, -0.18789687752723694, 0.013158557005226612, -0.25011277198791504, -0.5640589594841003, -0.38109704852104187, 0.2825365364551544, 0.36453837156295776, 0.16989894211292267, 0.20843109488487244, -0.1701512336730957, 0.46814873814582825, 0.06547453999519348, -0.20565001666545868, -0.10238628089427948, 0.12422055006027222, 0.5509099960327148, -0.42890167236328125, -0.07383647561073303, 0.2811049818992615]]
body_pose: [[[-0.34158340096473694, 0.044994089752435684, 0.09694696962833405], [-0.00952011439949274, -0.1024971529841423, -0.08189540356397629], [0.1679849624633789, 0.020049860700964928, -0.006558638531714678], [0.24727143347263336, 0.03832834213972092, -0.046317245811223984], [0.6154980659484863, 0.042756013572216034, 0.08292748779058456], [-0.07101117074489594, 0.006254661828279495, -0.045970216393470764], [-0.16413532197475433, 0.29585251212120056, -0.3852919638156891], [-0.17720910906791687, -0.19632472097873688, 0.22064657509326935], [0.03316314145922661, 0.015432961285114288, -0.044604260474443436], [-0.029910484328866005, 0.047446347773075104, 0.01681375876069069], [-0.005549408029764891, -0.05827145278453827, -0.019598370417952538], [-0.14464490115642548, -0.0861462876200676, 0.034971341490745544], [-0.023768289014697075, 0.10277484357357025, -0.44914063811302185], [-0.03668610006570816, 0.07107169181108475, 0.20116961002349854], [0.16224344074726105, 0.15415798127651215, 0.06160151585936546], [0.19447393715381622, -0.2604893743991852, -0.8519039750099182], [-0.05211307108402252, 0.28254202008247375, 0.8527629971504211], [-0.19141177833080292, -0.7340344190597534, -0.13548311591148376], [-0.0503574013710022, 1.058732271194458, -0.10985929518938065], [0.14006160199642181, -0.22180220484733582, 0.2807193696498871], [0.002988998079672456, 0.0017319729086011648, -0.38689273595809937]]]
bodypose_mat: [[[[0.9943491816520691, -0.10249326378107071, 0.027657844126224518], [0.08728740364313126, 0.9376310706138611, 0.33649489283561707], [-0.06042131781578064, -0.3321791887283325, 0.9412790536880493]], [[0.9914060831069946, 0.08214662224054337, -0.10181256383657455], [-0.08117224276065826, 0.996606171131134, 0.01368365902453661], [0.10259108990430832, -0.005301710218191147, 0.9947094321250916]], [[0.9997779726982117, 0.008207369595766068, 0.019404655322432518], [-0.004847332835197449, 0.9859027862548828, -0.1672491878271103], [-0.020503778010606766, 0.16711801290512085, 0.9857236742973328]], [[0.9982025623321533, 0.050532203167676926, 0.03222037851810455], [-0.0411057285964489, 0.9685262441635132, -0.24549415707588196], [-0.04361163452267647, 0.24372844398021698, 0.9688625335693359]], [[0.995786190032959, -0.0649353638291359, 0.06475462764501572], [0.09041262418031693, 0.8132910132408142, -0.5747897028923035], [-0.015340179204940796, 0.5782223343849182, 0.8157349228858948]], [[0.9989244341850281, 0.04569316282868385, 0.007878384552896023], [-0.04613704979419708, 0.9964241981506348, 0.07078235596418381], [-0.004615942947566509, -0.07106971740722656, 0.9974606037139893]], [[0.884573221206665, 0.3448764979839325, 0.3139909505844116], [-0.3923817276954651, 0.9142094850540161, 0.10127994418144226], [-0.2521244287490845, -0.21279384195804596, 0.944008469581604]], [[0.9568153023719788, -0.1990857869386673, -0.2118237465620041], [0.23353374004364014, 0.9603503346443176, 0.15228013694286346], [0.17310819029808044, -0.19517195224761963, 0.9653711318969727]], [[0.9988865256309509, 0.04483536258339882, 0.014685001224279404], [-0.044323693960905075, 0.9984557628631592, -0.03348884731531143], [-0.016163809224963188, 0.03280065953731537, 0.9993312954902649]], [[0.9987335205078125, -0.01751352846622467, 0.047167859971523285], [0.016094783321022987, 0.9994115233421326, 0.03029216267168522], [-0.047670621424913406, -0.02949463576078415, 0.99842768907547]], [[0.9981107711791992, 0.01974756084382534, -0.05818009003996849], [-0.01942429319024086, 0.9997925758361816, 0.0061167161911726], [0.0582888200879097, -0.0049750530160963535, 0.9982873201370239]], [[0.9956886172294617, -0.02858428657054901, -0.08824539184570312], [0.04101423919200897, 0.9889547228813171, 0.14243055880069733], [0.08319941908121109, -0.14543578028678894, 0.9858633279800415]], [[0.8957244753837585, 0.4321758449077606, 0.1044110581278801], [-0.4345755875110626, 0.900635302066803, 0.00026034045731648803], [-0.09392377734184265, -0.04560769349336624, 0.9945341348648071]], [[0.9773285388946533, -0.20090052485466003, 0.06684216856956482], [0.19830334186553955, 0.9791739583015442, 0.04352106526494026], [-0.07419352233409882, -0.029279353097081184, 0.9968138933181763]], [[0.9862820506095886, -0.048600293695926666, 0.1577521413564682], [0.07349931448698044, 0.9850086569786072, -0.15606346726417542], [-0.14780248701572418, 0.16551727056503296, 0.9750684499740601]], [[0.6299437284469604, 0.7150453925132751, -0.30311867594718933], [-0.7622897624969482, 0.6439489722251892, -0.0651458352804184], [0.14861074090003967, 0.2721025049686432, 0.95072340965271]], [[0.6229872107505798, -0.7491247653961182, 0.22516444325447083], [0.7353677153587341, 0.6590117812156677, 0.15791699290275574], [-0.2666855454444885, 0.06719840317964554, 0.9614380598068237]], [[0.7349340319633484, 0.1893104910850525, -0.6511784791946411], [-0.05562406778335571, 0.9738368988037109, 0.22033515572547913], [0.675853431224823, -0.1257106214761734, 0.72623610496521]], [[0.48512521386146545, 0.06598854064941406, 0.8719512224197388], [-0.11444565653800964, 0.9933629035949707, -0.011503038927912712], [-0.8669230937957764, -0.09421062469482422, 0.48945748805999756]], [[0.9367836117744446, -0.28920653462409973, -0.1969670057296753], [0.25852084159851074, 0.9513920545578003, -0.16739201545715332], [0.23580370843410492, 0.10589002072811127, 0.9660143852233887]], [[0.9260845184326172, 0.3773144483566284, 0.0011180492583662271], [-0.3773093521595001, 0.9260815382003784, -0.0032458645291626453], [-0.0022601166274398565, 0.002584094414487481, 0.9999940395355225]]]]
global_orient: [[[3.099475622177124, 0.005980694200843573, 0.26373016834259033]]]
globalorient_mat: [[[[0.9856200218200684, 0.001210179296322167, 0.16897249221801758], [0.006450812332332134, -0.9995148777961731, -0.03046920709311962], [0.16885364055633545, 0.03112107142806053, -0.9851496815681458]]]]
transl: [[0.012309600599110126, 0.254146009683609, 0.026830732822418213]]
expression: [[-0.4458446204662323, -0.07669597119092941, 0.21174445748329163, -0.19482722878456116, -0.34355559945106506, -0.5241455435752869, -0.23596377670764923, 0.32345330715179443, 0.2088700234889984, -0.08116801083087921, 0.12916727364063263, 0.42185139656066895, 0.2729805111885071, -0.3666258454322815, 0.3180246949195862, 0.002041541039943695, -0.18506377935409546, 0.019364619627594948, -0.14596256613731384, 0.11563317477703094, -0.04509313404560089, -0.008331649005413055, -0.09814122319221497, -0.10416684299707413, -0.14026318490505219, 0.06181563809514046, 0.016116134822368622, 0.09423795342445374, -0.041617825627326965, -0.09006384015083313, -0.033295437693595886, -0.12540993094444275, -0.009119664318859577, 0.027728352695703506, 0.11141521483659744, 0.044570937752723694, 0.04931815713644028, -0.02344495803117752, -0.03827054053544998, -0.08193875849246979, -0.07786168158054352, 0.01721183955669403, -0.01276824064552784, -0.01711689680814743, -0.0653267651796341, 0.03742697089910507, -0.0008893311023712158, 0.13588576018810272, 0.010685419663786888, -0.04484257474541664]]
jaw_pose: [[[0.03978697955608368, 0.0031132171861827374, -0.0014401942025870085]]]
left_hand_pose: [[[0.14467811584472656, 0.254209041595459, -0.25518059730529785], [0.13283005356788635, -0.06023257598280907, -0.46773651242256165], [-0.09784137457609177, 0.008153008297085762, -0.13278551399707794], [0.09360073506832123, 0.1369839608669281, -0.5484792590141296], [-0.17172229290008545, 0.05971137061715126, -0.21769048273563385], [0.04011278972029686, -0.045440204441547394, -0.04420740157365799], [-0.2763221859931946, -0.18621431291103363, -0.6987484097480774], [0.03554397448897362, 0.05306365713477135, -0.20338092744350433], [-0.1974848210811615, -0.07124291360378265, 0.307340532541275], [0.05117561295628548, 0.03183377906680107, -0.6565747857093811], [-0.1876184195280075, 0.04086622595787048, -0.1041727364063263], [-0.1140444353222847, -0.22189311683177948, -0.086415596306324], [0.8964588046073914, 0.21972981095314026, -0.025261200964450836], [-0.5663742423057556, 0.2047155350446701, -0.19311735033988953], [0.5131725668907166, 0.16617144644260406, -0.10653339326381683]]]
right_hand_pose: [[[-0.008306528441607952, -0.05885692313313484, 0.459842711687088], [0.157095268368721, 0.08707872778177261, 0.516826868057251], [-0.06467702984809875, 0.06841044872999191, 0.12230364233255386], [0.0461413748562336, 0.06326311826705933, 0.6282964944839478], [-0.22857119143009186, -0.0011265971697866917, 0.3581857979297638], [-0.03392379358410835, 0.07602627575397491, 0.21712420880794525], [0.12405407428741455, 0.2315123975276947, 0.4783289134502411], [-0.3736896812915802, 0.08458203822374344, 0.29821252822875977], [-0.18973909318447113, 0.19855540990829468, -0.054375890642404556], [0.11427319794893265, 0.10025712102651596, 0.5440400242805481], [-0.3399237096309662, 0.051328692585229874, 0.36167111992836], [-0.15885916352272034, 0.21687103807926178, 0.3016647398471832], [0.5560076832771301, 0.059360843151807785, -0.1392327845096588], [-0.4585610032081604, -0.10808470100164413, 0.4035519063472748], [0.49811047315597534, -0.2762342393398285, 0.010278348810970783]]]
scale: [[1.0240765810012817]]
smpl_joints: [[0.015224835835397243, -0.09186951071023941, -0.0389135517179966], [0.06457101553678513, 0.0017328871181234717, -0.06920497119426727], [-0.0464489571750164, 0.013289018534123898, -0.04450779780745506], [0.00796568300575018, -0.202611044049263, -0.06970812380313873], [0.1785912960767746, 0.3558345139026642, 0.04263794794678688], [-0.12358228117227554, 0.37455031275749207, -0.0364852175116539], [0.020464597269892693, -0.33720895648002625, -0.06143370643258095], [0.15634921193122864, 0.7640315294265747, 0.07272952049970627], [-0.12923622131347656, 0.7136419415473938, -0.2765418589115143], [0.018466604873538017, -0.3902837932109833, -0.03224955126643181], [0.244415283203125, 0.8079155087471008, 0.17566068470478058], [-0.17244794964790344, 0.8210852146148682, -0.19539450109004974], [0.02066868357360363, -0.5537524819374084, -0.04206816107034683], [0.07271181792020798, -0.46905219554901123, -0.040055811405181885], [-0.020042674615979195, -0.47839152812957764, -0.0255423691123724], [0.057698700577020645, -0.70967698097229, -0.034210219979286194], [0.19204629957675934, -0.4551578462123871, -0.09768197685480118], [-0.1277664601802826, -0.5180985331535339, -0.0051399413496255875], [0.15990646183490753, -0.18937475979328156, -0.13870656490325928], [-0.23704849183559418, -0.26968711614608765, 0.0587116964161396], [0.20023715496063232, 0.003481583669781685, 0.031072812154889107], [-0.21863830089569092, -0.1988360732793808, 0.30458372831344604], [0.20955519378185272, 0.13602490723133087, 0.15759553015232086], [-0.20207315683364868, -0.1462179720401764, 0.4703582227230072]]
