betas: [[-0.24113085865974426, 0.27372467517852783, -0.6052472591400146, -0.52506023645401, -0.7866905927658081, -0.036244411021471024, -0.660853385925293, -0.0004414374416228384, -0.3386129140853882, 0.0089090121909976, -0.9693422317504883, 0.37286877632141113, 0.04777891933917999, -0.5203307271003723, -0.37819600105285645, -0.29693877696990967, 0.22285431623458862, -0.613787829875946, -0.5118883848190308, 0.24457690119743347, 0.3288875222206116, 0.2841762900352478, -0.0627676248550415, 0.23489190638065338, -0.4621022939682007, -0.19688361883163452, 0.3042979836463928, -0.1804909110069275, 0.1660914570093155, 0.35772886872291565, 0.010030084289610386, -0.23351705074310303, -0.3086284399032593, -0.05821249634027481, -0.3317149579524994, 0.6353091597557068, -0.013996390625834465, -0.018343374133110046, -0.32851940393447876, 0.32317331433296204, 0.6853262782096863, -0.07332520186901093, -0.28863853216171265, -0.014677531085908413, -0.34688156843185425, -0.43143007159233093, 0.029823223128914833, -0.35504576563835144, 0.4526885449886322, 0.3439711332321167, 0.28372764587402344, 0.30255699157714844, 0.09287398308515549, -0.43191206455230713, -0.508048951625824, 0.13360388576984406, -0.4445571303367615, -0.2788126468658447, -0.6077545881271362, 0.5175741910934448, -0.4778023660182953, 0.7887094616889954, 0.0525093674659729, 0.14928777515888214, -0.5565192103385925, -0.16301508247852325, 0.5587534308433533, 0.3361988961696625, 0.39917561411857605, 0.05374041199684143, 0.290978342294693, -0.32623618841171265, -0.5432885885238647, 0.04391549155116081, 0.3792906403541565, -0.19263677299022675, -0.33010241389274597, -0.23154334723949432, 0.4024699330329895, 0.21645379066467285, -0.07038692384958267, -0.4045450687408447, 0.1024932786822319, -0.4610687792301178, -0.2512163519859314, -0.05909717455506325, 0.2782442569732666, 0.13981185853481293, -0.12017976492643356, -0.4166836440563202, -0.42930155992507935, -0.6207702159881592, -0.21502377092838287, 0.2730257213115692, -0.176519975066185, -0.08434045314788818, 0.19260554015636444, 0.4081237316131592, 0.4342571198940277, -0.45933297276496887, 0.20878195762634277, -0.2569906413555145, 0.4068431556224823, -0.3702511489391327, -0.026586057618260384, 0.1715712994337082, 0.3348419666290283, 0.5175304412841797, 0.30417099595069885, 0.13616719841957092, -0.3115634322166443, -0.17484980821609497, -0.24132396280765533, 0.4290773868560791, -0.27194949984550476, 0.01898527890443802, -0.13229072093963623, -0.5337958335876465, -0.5075856447219849, -0.19338847696781158, -0.4704272747039795, -0.13692300021648407, -0.025199832394719124, 0.024057498201727867, 0.07289602607488632, -0.21234813332557678, -0.1501830816268921, 0.44978782534599304, 0.04309640824794769, -0.2054096907377243, 0.06637623906135559, 0.38207682967185974, 0.157802015542984, -0.02212824672460556, 0.20618250966072083, -0.08077717572450638, 0.38637086749076843, 0.17483139038085938, -0.13762308657169342, 0.3358937203884125, -0.4740197956562042, 0.3405921161174774, 0.22636531293392181, -0.2333707958459854, -0.10436324030160904, -0.02167668379843235, 0.20774111151695251, 0.19582080841064453, -0.40548935532569885, 0.12320020794868469, -0.010199089534580708, -0.06907732784748077, 0.22797754406929016, 0.3761501610279083, 0.3293866813182831, -0.49006256461143494, 0.08400034159421921, -0.31410786509513855, 0.3653380870819092, 0.12873582541942596, 0.017703372985124588, 0.09427878260612488, -0.25852498412132263, -0.15492087602615356, -0.2658774256706238, -0.38566651940345764, -0.4739464223384857, -0.16017606854438782, 0.2362266480922699, -0.006773363333195448, 0.2926948070526123, 0.1477721482515335, 0.6133647561073303, 0.2691013216972351, -0.3576401472091675, -0.08615172654390335, 0.05847570300102234, 0.28889065980911255, 0.1805928647518158, 0.42669960856437683, -0.4114874005317688, -0.23564083874225616, -0.02466954104602337, -0.16965657472610474, -0.5715600252151489, -0.2726899981498718, 0.24094901978969574, 0.391011118888855, 0.2694442570209503, 0.1428622007369995, -0.10214754939079285, 0.377326101064682, 0.17079943418502808, -0.25703972578048706, -0.19617512822151184, 0.06003768369555473, 0.5503455400466919, -0.36042121052742004, -0.014381861314177513, 0.3295806646347046]]
body_pose: [[[-0.3520047068595886, 0.04260412976145744, 0.09518353641033173], [-0.025191523134708405, -0.08323930203914642, -0.08241887390613556], [0.17158642411231995, 0.013570665381848812, -0.0007909369887784123], [0.26032841205596924, 0.043472010642290115, -0.04262629896402359], [0.6175650358200073, 0.028536882251501083, 0.08971449732780457], [-0.08242085576057434, -0.0010184028651565313, -0.05336449667811394], [-0.1546391099691391, 0.28591176867485046, -0.3655937612056732], [-0.2046418935060501, -0.1893744319677353, 0.2027873992919922], [0.03100132755935192, 0.00831842515617609, -0.049222126603126526], [-0.01272458303719759, 0.04370487108826637, 0.026021867990493774], [0.029572317376732826, -0.048851046711206436, -0.08137508481740952], [-0.15598082542419434, -0.06316903978586197, 0.044052399694919586], [0.008317355066537857, 0.010692241601645947, -0.4174777865409851], [-0.026427822187542915, 0.04707939177751541, 0.2153252363204956], [0.1721954345703125, 0.16094547510147095, 0.028052855283021927], [0.14794941246509552, -0.21838122606277466, -0.8724231123924255], [-0.04157638922333717, 0.279905766248703, 0.867356538772583], [0.03511050343513489, -0.7243616580963135, 0.002083531115204096], [-0.09249749034643173, 1.1297862529754639, -0.10238675028085709], [0.06910902261734009, -0.228993758559227, 0.0945964977145195], [0.033494677394628525, -0.012193012051284313, -0.3964535892009735]]]
bodypose_mat: [[[[0.9946233034133911, -0.10047430545091629, 0.02508830465376377], [0.08564513921737671, 0.9342597723007202, 0.34615540504455566], [-0.05821871757507324, -0.34214553236961365, 0.9378416538238525]], [[0.9931473135948181, 0.08326900750398636, -0.0820033848285675], [-0.08117460459470749, 0.9962906837463379, 0.0285574309527874], [0.08407715708017349, -0.02170514687895775, 0.996222734451294]], [[0.9999077320098877, 0.0019484260119497776, 0.013436065055429935], [0.0003743513661902398, 0.9853150844573975, -0.17074577510356903], [-0.01357144583016634, 0.17073507606983185, 0.9852234125137329]], [[0.9981576204299927, 0.04774518683552742, 0.03744053095579147], [-0.03649543225765228, 0.9654127955436707, -0.25815922021865845], [-0.04847142845392227, 0.2563171982765198, 0.965376615524292]], [[0.9957107901573181, -0.07546330243349075, 0.053529687225818634], [0.09252095967531204, 0.8115329146385193, -0.5769351720809937], [9.63262136792764e-05, 0.579413115978241, 0.815034031867981]], [[0.998576819896698, 0.05332072451710701, 0.0011806406546384096], [-0.05323685333132744, 0.9951834082603455, 0.08231564611196518], [0.0032141751144081354, -0.0822613313794136, 0.9966056942939758]], [[0.8944287300109863, 0.32951584458351135, 0.30235177278518677], [-0.3728542625904083, 0.9227727055549622, 0.09731476753950119], [-0.24693521857261658, -0.19977425038814545, 0.9482157826423645]], [[0.9618870615959167, -0.1796080768108368, -0.20618972182273865], [0.21797966957092285, 0.9589089155197144, 0.18159990012645721], [0.1651003658771515, -0.21962375938892365, 0.9615129828453064]], [[0.9987545013427734, 0.04932272061705589, 0.007550883572548628], [-0.04906490817666054, 0.9983085989952087, -0.03118816576898098], [-0.009076396003365517, 0.030778829008340836, 0.999485194683075]], [[0.9987066984176636, -0.026287946850061417, 0.04351932555437088], [0.025731945410370827, 0.9995805621147156, 0.013287264853715897], [-0.0438503660261631, -0.012150242924690247, 0.998964250087738]], [[0.9954995512962341, 0.08051939308643341, -0.049972858279943466], [-0.08196283876895905, 0.9962548613548279, -0.027537642046809196], [0.047568392008543015, 0.031509626656770706, 0.998370885848999]], [[0.9970420598983765, -0.03891638293862343, -0.06627793610095978], [0.04874473065137863, 0.9868977069854736, 0.15380746126174927], [0.05942392349243164, -0.15658318996429443, 0.9858754873275757]], [[0.9140594601631165, 0.40548738837242126, 0.008672968484461308], [-0.40539976954460144, 0.9140816926956177, -0.010277223773300648], [-0.012095087207853794, 0.005877974443137646, 0.999909520149231]], [[0.97580885887146, -0.2141806036233902, 0.04386004060506821], [0.2129414975643158, 0.9765647053718567, 0.0312592051923275], [-0.04952728748321533, -0.02116338722407818, 0.9985484480857849]], [[0.9867173433303833, -0.013998077251017094, 0.16184236109256744], [0.041582267731428146, 0.9848521947860718, -0.16833610832691193], [-0.15703442692756653, 0.17282992601394653, 0.9723528027534485]], [[0.6228250861167908, 0.7414878010749817, -0.2495690882205963], [-0.771621584892273, 0.6348571181297302, -0.03945402055978775], [0.1291860193014145, 0.21714584529399872, 0.967552900314331]], [[0.612694501876831, -0.7573636174201965, 0.22584447264671326], [0.7465113401412964, 0.6484190821647644, 0.1492428481578827], [-0.2594729959964752, 0.07715519517660141, 0.9626632928848267]], [[0.7489466071128845, -0.014074338600039482, -0.6624809503555298], [-0.010263058356940746, 0.9994081258773804, -0.03283489868044853], [0.6625509262084961, 0.03139066323637962, 0.7483589053153992]], [[0.4230823814868927, 0.034820545464754105, 0.9054217338562012], [-0.12851743400096893, 0.9914647936820984, 0.02192360907793045], [-0.8969305753707886, -0.1256379932165146, 0.4239463210105896]], [[0.9694755673408508, -0.10142606496810913, -0.22322620451450348], [0.08568758517503738, 0.9931754469871521, -0.07912088930606842], [0.22972773015499115, 0.05757804214954376, 0.9715502858161926]], [[0.9223710894584656, 0.3858652710914612, -0.018425900489091873], [-0.38626828789711, 0.921890914440155, -0.0302319023758173], [0.005321228411048651, 0.03500237688422203, 0.9993730783462524]]]]
global_orient: [[[3.1113946437835693, 0.0033431912306696177, 0.2273283451795578]]]
globalorient_mat: [[[[0.9893792271614075, 0.0005414242623373866, 0.14535628259181976], [0.003733233083039522, -0.9997578859329224, -0.021686645224690437], [0.14530934393405914, 0.021998966112732887, -0.9891417026519775]]]]
transl: [[0.014034506864845753, 0.25582408905029297, 0.027300886809825897]]
expression: [[-0.4142185151576996, -0.033621855080127716, 0.19315165281295776, -0.2064378261566162, -0.37619748711586, -0.5305015444755554, -0.23701190948486328, 0.3372113108634949, 0.22606998682022095, -0.13550879061222076, 0.16433994472026825, 0.37971997261047363, 0.27822208404541016, -0.37722694873809814, 0.32522231340408325, 0.02054811455309391, -0.16514092683792114, 0.025717848911881447, -0.12910214066505432, 0.08544012159109116, -0.037011295557022095, -0.0019367337226867676, -0.11435157060623169, -0.11292959004640579, -0.133155956864357, 0.06571699678897858, 0.023963622748851776, 0.10263820737600327, -0.02295248955488205, -0.07832321524620056, -0.03407490253448486, -0.12683795392513275, -0.00855505932122469, 0.04927229508757591, 0.1132630705833435, 0.041242048144340515, 0.051498688757419586, -0.01939690113067627, -0.03920062631368637, -0.09148566424846649, -0.08269155770540237, 0.03205033391714096, 0.0040160915814340115, -0.025523420423269272, -0.06498704105615616, 0.025023093447089195, -0.0028931498527526855, 0.12478794157505035, 0.016110917553305626, -0.04138047248125076]]
jaw_pose: [[[0.038896527141332626, 0.0030649842228740454, -0.0012806558515876532]]]
left_hand_pose: [[[0.07644344866275787, 0.21779710054397583, -0.06398329883813858], [0.00756883854046464, -0.08101189881563187, 0.15134017169475555], [-0.0023282708134502172, 0.040939878672361374, 0.08016714453697205], [0.32334816455841064, -0.008891304954886436, -0.06915283203125], [-0.15403233468532562, 0.04614192619919777, 0.08952345699071884], [0.023475486785173416, -0.027328453958034515, 0.08827799558639526], [0.32884782552719116, -0.31188976764678955, -0.16565345227718353], [0.03032735548913479, 0.11865956336259842, -0.03538393974304199], [-0.026328982785344124, -0.04484099894762039, 0.39163580536842346], [0.3211953043937683, -0.09294506907463074, -0.09640239179134369], [-0.08289667963981628, 0.07627877593040466, 0.15934979915618896], [-0.02560773678123951, -0.15269538760185242, 0.04231443628668785], [0.4494713544845581, 0.2337813377380371, 0.12168318778276443], [-0.5459574460983276, 0.1479121893644333, -0.20314320921897888], [0.3796979486942291, -0.07641566544771194, 0.10068556666374207]]]
right_hand_pose: [[[-0.03989686071872711, -0.06446656584739685, 0.5755478739738464], [0.21842676401138306, 0.08681191504001617, 0.5955194234848022], [-0.12938758730888367, 0.10398003458976746, 0.1666502207517624], [0.0006066198693588376, 0.07011085748672485, 0.7761688828468323], [-0.20874427258968353, 0.039375342428684235, 0.3741137981414795], [-0.026375791057944298, 0.09505665302276611, 0.31160131096839905], [0.05714293569326401, 0.29597342014312744, 0.5865665674209595], [-0.40019553899765015, 0.1375444084405899, 0.2985657751560211], [-0.19834910333156586, 0.1992325335741043, 0.033653657883405685], [0.08497815579175949, 0.10887566208839417, 0.6777725219726562], [-0.3679398000240326, 0.11726824939250946, 0.3801097273826599], [-0.15717461705207825, 0.20665432512760162, 0.3828510642051697], [0.5468419194221497, 0.1079099178314209, -0.1480887085199356], [-0.46423789858818054, -0.0406101830303669, 0.44708552956581116], [0.5149645805358887, -0.29772308468818665, -0.039582520723342896]]]
scale: [[1.0247899293899536]]
smpl_joints: [[0.01864909939467907, -0.08831603080034256, -0.040016379207372665], [0.0689886137843132, 0.0049208770506083965, -0.07019961625337601], [-0.04292764514684677, 0.016856148838996887, -0.04817575961351395], [0.011892513372004032, -0.1992187798023224, -0.07026685029268265], [0.18015044927597046, 0.35802096128463745, 0.045076217502355576], [-0.11895374208688736, 0.3775540292263031, -0.03844914957880974], [0.02331693470478058, -0.3333961069583893, -0.0599340982735157], [0.15775111317634583, 0.7660012245178223, 0.07009188830852509], [-0.11841689050197601, 0.717267632484436, -0.276662141084671], [0.02026371657848358, -0.3863433599472046, -0.030726537108421326], [0.24368856847286224, 0.8111042380332947, 0.17422382533550262], [-0.163152813911438, 0.8216808438301086, -0.1925620436668396], [0.023641951382160187, -0.5497732758522034, -0.041097160428762436], [0.07485480606555939, -0.46481430530548096, -0.03655397891998291], [-0.017918359488248825, -0.4745679795742035, -0.026190895587205887], [0.05944543331861496, -0.7055100202560425, -0.03410879522562027], [0.19995605945587158, -0.453143447637558, -0.07611440122127533], [-0.125650554895401, -0.5131192803382874, -0.012883814983069897], [0.1723877191543579, -0.1873074620962143, -0.1228146106004715], [-0.23554514348506927, -0.26140427589416504, 0.03769003227353096], [0.2112615555524826, 0.004378955345600843, 0.048552729189395905], [-0.2237035632133484, -0.20027205348014832, 0.2865561246871948], [0.23588526248931885, 0.12692025303840637, 0.19592709839344025], [-0.20311865210533142, -0.15139660239219666, 0.44412875175476074]]
