betas: [[-0.15209762752056122, 0.2672216594219208, -0.6093518733978271, -0.6628411412239075, -0.8201398849487305, -0.15257006883621216, -0.5938289165496826, -0.08692139387130737, -0.48626843094825745, 0.08454275876283646, -0.8866251707077026, 0.31871169805526733, -0.27789801359176636, -0.4412575960159302, -0.4528062343597412, -0.015623710118234158, 0.13534997403621674, -0.5904738306999207, -0.422350138425827, 0.1763281673192978, 0.5005232691764832, 0.14331141114234924, -0.4606529474258423, 0.23452584445476532, -0.07849341630935669, -0.015346933156251907, 0.31988751888275146, 0.016783960163593292, 0.36149877309799194, -0.022353017702698708, -0.13064990937709808, 0.24852997064590454, -0.21961766481399536, -0.10043307393789291, -0.1990533024072647, 0.716368556022644, -0.0004515689506661147, 0.17709960043430328, -0.026495790109038353, -0.07085642963647842, 0.7323572635650635, -0.13467761874198914, -0.27546533942222595, -0.07469314336776733, -0.4664403796195984, -0.40906161069869995, -0.08366630971431732, -0.3092987537384033, 0.4877218008041382, 0.31559497117996216, 0.1373794972896576, 0.23480495810508728, 0.09098194539546967, -0.40896570682525635, -0.3926030695438385, 0.017368409782648087, -0.3554317057132721, -0.42776647210121155, -0.6306172013282776, 0.4119405746459961, -0.4881702661514282, 0.7477763295173645, -0.0199899822473526, 0.19918356835842133, -0.2850129306316376, 0.22140614688396454, 0.34815651178359985, 0.23527315258979797, 0.594762921333313, 0.15198178589344025, 0.1794775128364563, -0.06471338868141174, -0.6580850481987, -0.15151792764663696, -0.28217241168022156, 0.10387048870325089, -0.31437140703201294, -0.4011981189250946, 0.40022799372673035, 0.0042488425970077515, 0.1219988465309143, -0.27991339564323425, 0.27292707562446594, -0.3091875910758972, -0.34798258543014526, 0.39033785462379456, -0.2252758890390396, -0.04809171333909035, -0.10933610796928406, -0.2862890362739563, -0.3978337347507477, -0.7314314246177673, -0.05054696276783943, 0.16601115465164185, -0.06071476638317108, -0.07666929811239243, 0.4350968599319458, 0.3516691029071808, 0.2619175314903259, -0.5193051099777222, 0.18339592218399048, -0.26595959067344666, 0.5713139176368713, -0.24895508587360382, -0.22559018433094025, 0.3111012279987335, 0.26894670724868774, 0.38698363304138184, 0.2489466816186905, -0.02319410815834999, -0.3326283395290375, -0.1879875212907791, -0.19658233225345612, 0.4686335623264313, -0.18898184597492218, 0.083643339574337, 0.015382148325443268, -0.526512086391449, -0.43155884742736816, -0.023757798597216606, -0.36539793014526367, 0.09373684227466583, 0.018940627574920654, -0.07265698909759521, -0.16704797744750977, -0.2199537307024002, -0.005609678570181131, 0.4206494688987732, 0.10830606520175934, 0.04066283628344536, -0.2847924828529358, 0.3764507472515106, 0.06283382326364517, -0.24873080849647522, 0.0370001457631588, -0.23459722101688385, 0.1989913284778595, 0.1473907232284546, -0.24068757891654968, 0.0605633519589901, -0.3828155994415283, 0.28965210914611816, 0.16672293841838837, 0.0058017512783408165, -0.022378453984856606, -0.05325153097510338, 0.005052237771451473, 0.1778971254825592, -0.45719581842422485, -0.020807085558772087, -0.08312096446752548, -0.09931236505508423, 0.14123035967350006, 0.3066530227661133, -0.03316473588347435, -0.4272085130214691, 0.19112278521060944, -0.17936204373836517, 0.3029661178588867, 0.17033644020557404, 0.10474544763565063, -0.021817579865455627, -0.1895218938589096, -0.14805133640766144, -0.17652955651283264, -0.37900763750076294, -0.40323740243911743, -0.11745844036340714, 0.1728249341249466, -0.006273011211305857, 0.4527917206287384, 0.2057647407054901, 0.17992661893367767, 0.1145569309592247, -0.30362677574157715, -0.3873920440673828, 0.30816593766212463, 0.1940501481294632, 0.17894694209098816, 0.3278253674507141, -0.28495171666145325, -0.009074500761926174, 0.0848105177283287, -0.09171276539564133, -0.39580416679382324, -0.15529246628284454, 0.30033329129219055, 0.22537848353385925, 0.09253144264221191, 0.36938297748565674, -0.33063074946403503, 0.33180198073387146, 0.10896710306406021, -0.6201645135879517, -0.1696418672800064, 0.050704170018434525, 0.5544677376747131, -0.2594236135482788, -0.09912072867155075, 0.14586374163627625]]
body_pose: [[[-0.4855126738548279, -0.031825460493564606, 0.059995174407958984], [-0.08299535512924194, -0.03662998974323273, -0.018338436260819435], [0.21315117180347443, 0.0019796343985944986, -0.023883020505309105], [0.4091653823852539, 0.008319256827235222, -0.05100617557764053], [0.7364225387573242, 0.03752877563238144, 0.11053106188774109], [-0.09996193647384644, -0.049716003239154816, -0.03160630911588669], [-0.12351493537425995, 0.272891104221344, -0.2892691493034363], [-0.23459886014461517, -0.17938141524791718, 0.16757294535636902], [0.043392423540353775, -0.032540734857320786, -0.023947739973664284], [0.010197686962783337, 0.02233545482158661, 0.08953224122524261], [-0.01829790696501732, -0.044370777904987335, 0.0006596628809347749], [-0.23735545575618744, 0.019837921485304832, 0.04768529534339905], [-0.0024413943756371737, 0.005972007755190134, -0.3647747039794922], [0.002654200652614236, 0.0011814483441412449, 0.20669770240783691], [0.11211120337247849, 0.1718050092458725, 0.055934540927410126], [0.05196630582213402, -0.12559780478477478, -0.8394333720207214], [0.05838441476225853, 0.252652108669281, 0.8834947347640991], [-0.21015140414237976, -0.5949172377586365, -0.0031617938075214624], [-0.1728256195783615, 1.3042714595794678, -0.06944482028484344], [-0.18436750769615173, -0.10786813497543335, 0.36617591977119446], [0.09822829067707062, 0.11470630019903183, -0.3420061469078064]]]
bodypose_mat: [[[[0.9977396130561829, -0.05004839599132538, -0.0448407307267189], [0.0651930496096611, 0.8827164769172668, 0.46536165475845337], [0.016291052103042603, -0.4672331213951111, 0.8839840292930603]], [[0.9991615414619446, 0.019831238314509392, -0.03581725433468819], [-0.01679329015314579, 0.9963902831077576, 0.08321253210306168], [0.037338174879550934, -0.08254127949476242, 0.9958878755569458]], [[0.9997139573097229, 0.023910479620099068, -0.0005711134290322661], [-0.023490136489272118, 0.9770861864089966, -0.21154405176639557], [-0.004500092938542366, 0.21149694919586182, 0.9773683547973633]], [[0.9986833333969116, 0.05125049874186516, -0.0022024891804903746], [-0.04789450764656067, 0.9161891341209412, -0.39787381887435913], [-0.018373331055045128, 0.39745551347732544, 0.9174374341964722]], [[0.9934970140457153, -0.08738042414188385, 0.07299471646547318], [0.1137605756521225, 0.7353420853614807, -0.6680797338485718], [0.004701009951531887, 0.6720392107963562, 0.7405006289482117]], [[0.9982666373252869, 0.03401750698685646, -0.04802658408880234], [-0.029053371399641037, 0.9945104718208313, 0.10052258521318436], [0.051182471215724945, -0.0989530086517334, 0.993774950504303]], [[0.9220629334449768, 0.2643703818321228, 0.2826804220676422], [-0.29759228229522705, 0.9512443542480469, 0.08107368648052216], [-0.24746470153331757, -0.15887854993343353, 0.9557817578315735]], [[0.9701591730117798, -0.1435314565896988, -0.19542233645915985], [0.18521134555339813, 0.9588391184806824, 0.21523088216781616], [0.15648618340492249, -0.2450026422739029, 0.9568102359771729]], [[0.9991840124130249, 0.023227909579873085, -0.0330410972237587], [-0.024639517068862915, 0.9987722039222717, -0.04297748580574989], [0.032002247869968414, 0.04375653341412544, 0.9985295534133911]], [[0.9957455992698669, -0.08928988128900528, 0.02275956980884075], [0.0895174965262413, 0.9959429502487183, -0.009183892048895359], [-0.021847203373908997, 0.011182200163602829, 0.99969881772995]], [[0.9990155100822449, -0.00025354555691592395, -0.04435977712273598], [0.0010652736527845263, 0.9998324513435364, 0.01827624812722206], [0.04434770718216896, -0.018305514007806778, 0.9988483786582947]], [[0.9986728429794312, -0.04956049844622612, 0.014011996798217297], [0.044874969869852066, 0.9708380699157715, 0.2354988157749176], [-0.025274818763136864, -0.23455747961997986, 0.971773624420166]], [[0.9341868162155151, 0.356729120016098, 0.006280767731368542], [-0.35674360394477844, 0.9342014193534851, 0.001310404040850699], [-0.0054000429809093475, -0.003464785171672702, 0.9999794960021973]], [[0.9787132740020752, -0.20522715151309967, 0.001446385052986443], [0.20523028075695038, 0.9787105321884155, -0.002513670362532139], [-0.0008997186669148505, 0.0027570046950131655, 0.9999958276748657]], [[0.9837386012077332, -0.04591958224773407, 0.17363688349723816], [0.06510838121175766, 0.9921807050704956, -0.10648143291473389], [-0.16738960146903992, 0.11605510860681534, 0.9790362119674683]], [[0.6609784364700317, 0.7387883067131042, -0.13152669370174408], [-0.7449312210083008, 0.6671310067176819, 0.003688541240990162], [0.09047059714794159, 0.09554030001163483, 0.9913057088851929]], [[0.6068000793457031, -0.7569736838340759, 0.24245505034923553], [0.7707114815711975, 0.6349371671676636, 0.0534653477370739], [-0.1944155991077423, 0.15442012250423431, 0.9686881899833679]], [[0.8288252949714661, 0.06342098861932755, -0.5559013485908508], [0.05750869959592819, 0.9786362051963806, 0.19739244878292084], [0.5565440654754639, -0.19557303190231323, 0.8074711561203003]], [[0.2634883522987366, -0.04628978669643402, 0.96355140209198], [-0.148344948887825, 0.9850227236747742, 0.08788701891899109], [-0.9531881809234619, -0.16609516739845276, 0.2526751458644867]], [[0.9282244443893433, -0.34551072120666504, -0.13791915774345398], [0.36510205268859863, 0.917212963104248, 0.15943939983844757], [0.07141321152448654, -0.19835011661052704, 0.9775261878967285]], [[0.9356914758682251, 0.33966273069381714, 0.09545014053583145], [-0.32852596044540405, 0.9374254941940308, -0.11534363776445389], [-0.1286553293466568, 0.07656820118427277, 0.9887290596961975]]]]
global_orient: [[[-3.1345062255859375, -0.022917795926332474, 0.08554903417825699]]]
globalorient_mat: [[[[0.9984045028686523, 0.01445191539824009, -0.054583966732025146], [0.014770316891372204, -0.999876081943512, 0.005434319376945496], [-0.05449867248535156, -0.0062318723648786545, -0.9984942674636841]]]]
transl: [[0.025218050926923752, 0.2505823075771332, -0.04436088725924492]]
expression: [[-0.616705060005188, -0.06273508816957474, 0.10330584645271301, -0.25095561146736145, -0.3806914985179901, -0.5987119078636169, -0.21714264154434204, 0.48281148076057434, 0.2502935230731964, -0.2865164577960968, 0.28425830602645874, 0.3590909242630005, 0.2652829587459564, -0.4401562809944153, 0.3596779406070709, 0.05927880108356476, -0.020981453359127045, 0.11009252071380615, -0.12645527720451355, -0.03831347078084946, -0.02480594627559185, 0.03822674602270126, -0.1892828345298767, -0.10238414257764816, -0.07051623612642288, 0.05284404754638672, 0.004466354846954346, 0.11038590967655182, 0.02781892567873001, -0.04545771703124046, -0.06540164351463318, -0.1336691677570343, -0.036160536110401154, 0.1191941350698471, 0.11627685278654099, 0.010732324793934822, 0.06351479142904282, -0.01843191683292389, -0.05319308489561081, -0.15156124532222748, -0.07831740379333496, 0.06546612083911896, 0.013124333694577217, -0.033015377819538116, -0.049222011119127274, -0.003803640604019165, -0.007366638630628586, 0.11855831742286682, 0.054123297333717346, -0.039747025817632675]]
jaw_pose: [[[0.04347454011440277, 0.002086431486532092, 0.000671070592943579]]]
left_hand_pose: [[[0.10257129371166229, 0.18250587582588196, -0.9610853791236877], [0.19416208565235138, -0.10498657822608948, -0.9999416470527649], [-0.087444968521595, -0.16824521124362946, -0.09220987558364868], [-0.2953460216522217, 0.05226394161581993, -1.290047526359558], [-0.20564711093902588, 0.13707050681114197, -0.6198635101318359], [-0.0275427233427763, -0.10294108092784882, -0.3215818405151367], [-0.7716355919837952, -0.5700953006744385, -1.0646926164627075], [-0.3982525169849396, -0.04973217844963074, -0.706550121307373], [-0.5322269797325134, -0.13382992148399353, -0.0770333856344223], [-0.1721012443304062, -0.2983068823814392, -1.2836697101593018], [-0.586789071559906, -0.1326446682214737, -0.64605712890625], [-0.26938048005104065, -0.12281861156225204, -0.5665644407272339], [1.2591986656188965, 0.17944148182868958, -0.1368764191865921], [-0.9243975281715393, -0.2504604160785675, -0.08533785492181778], [0.7528482675552368, 0.11144743114709854, -0.16181008517742157]]]
right_hand_pose: [[[0.032420460134744644, 0.003779339836910367, 0.6628797054290771], [0.1481064260005951, 0.09820374846458435, 0.7268545031547546], [-0.06944730132818222, 0.10223402827978134, 0.12977536022663116], [-0.15542037785053253, 0.05890917778015137, 0.9179854393005371], [-0.21052506566047668, -0.02527458965778351, 0.5743144750595093], [-0.05495747551321983, 0.10386735945940018, 0.35654377937316895], [-0.3130427598953247, 0.3408721089363098, 0.7152336239814758], [-0.35130947828292847, 0.1151508167386055, 0.45443060994148254], [-0.3865138590335846, 0.19325797259807587, 0.07299497723579407], [-0.04042680189013481, 0.15132762491703033, 0.8366332650184631], [-0.44349491596221924, 0.10932657122612, 0.5274558663368225], [-0.23016302287578583, 0.19947603344917297, 0.4865173399448395], [0.9248951077461243, -0.01911257579922676, 0.03848341107368469], [-0.6095477938652039, 0.06519073247909546, 0.19625432789325714], [0.6378186941146851, -0.21768338978290558, 0.17524228990077972]]]
scale: [[1.045775294303894]]
smpl_joints: [[0.029584242030978203, -0.09801961481571198, 0.0335082933306694], [0.08397873491048813, -0.0029628153424710035, 0.011182119138538837], [-0.030345147475600243, 0.008227294310927391, 0.01057208888232708], [0.030232306569814682, -0.2119147777557373, 0.005578435491770506], [0.14802922308444977, 0.34462273120880127, 0.19321732223033905], [-0.0923190712928772, 0.3809315860271454, 0.021420154720544815], [0.0434115007519722, -0.3492448627948761, 0.027814416214823723], [0.10789941996335983, 0.7614206671714783, 0.1899152249097824], [-0.029181012883782387, 0.702873706817627, -0.24813403189182281], [0.03366843983530998, -0.40260976552963257, 0.05869133025407791], [0.16045793890953064, 0.8156670928001404, 0.31524595618247986], [-0.08014056831598282, 0.8172670006752014, -0.17457948625087738], [0.039011355489492416, -0.5709670186042786, 0.05974370241165161], [0.08870163559913635, -0.4828006327152252, 0.07496015727519989], [-0.005941901355981827, -0.4933255612850189, 0.05687269940972328], [0.07300754636526108, -0.7310400605201721, 0.07151628285646439], [0.22590740025043488, -0.4790765345096588, 0.07630538195371628], [-0.11638571321964264, -0.5363122224807739, 0.03583905100822449], [0.23377612233161926, -0.21044006943702698, 0.009676534682512283], [-0.23377127945423126, -0.2792770564556122, 0.0012020347639918327], [0.29039809107780457, 0.007997160777449608, 0.1521550714969635], [-0.28091102838516235, -0.2083982229232788, 0.25037524104118347], [0.2620002031326294, 0.10097754001617432, 0.23305743932724], [-0.2663789689540863, -0.16439417004585266, 0.3961453139781952]]
