betas: [[-0.28298866748809814, 0.2349817305803299, -0.6118794679641724, -0.6026257872581482, -0.8426969051361084, -0.16444699466228485, -0.6607421636581421, -0.09644687175750732, -0.4411132335662842, 0.007047959603369236, -0.980685293674469, 0.39625126123428345, -0.28785941004753113, -0.6273943781852722, -0.4434607923030853, -0.0144956074655056, 0.09876515716314316, -0.5782028436660767, -0.42975398898124695, 0.2912787199020386, 0.28851550817489624, 0.1480848491191864, -0.23264668881893158, 0.19332587718963623, -0.21401819586753845, -0.10106759518384933, 0.36793655157089233, 0.007065754383802414, 0.35013434290885925, 0.15336625277996063, -0.11158229410648346, 0.0099391033872962, -0.3524329662322998, 0.31696653366088867, -0.3939421772956848, 0.8267017006874084, -0.04954848065972328, 0.039728254079818726, -0.11797454953193665, 0.21975001692771912, 0.6778572201728821, -0.06093836948275566, -0.10741103440523148, -0.014844832941889763, -0.47267529368400574, -0.3538217544555664, 0.04625020548701286, -0.3662692606449127, 0.6436290740966797, 0.33529239892959595, 0.3127049505710602, 0.25875094532966614, -0.015235020779073238, -0.35351940989494324, -0.4729801416397095, 0.09029597789049149, -0.39464330673217773, -0.41973376274108887, -0.7446193099021912, 0.40012428164482117, -0.5286005735397339, 0.7557138204574585, -0.08487293869256973, 0.15881596505641937, -0.27088096737861633, 0.16742131114006042, 0.4349307119846344, 0.2275414913892746, 0.5697357654571533, 0.1610342562198639, 0.16462796926498413, -0.12518398463726044, -0.5520424246788025, -0.10726380348205566, -0.08548048883676529, 0.05459734424948692, -0.34399697184562683, -0.2801870107650757, 0.3938917815685272, 0.12256502360105515, 0.039151061326265335, -0.28994616866111755, 0.15965276956558228, -0.5022228360176086, -0.32991281151771545, 0.20260056853294373, -0.13003388047218323, 0.1822008192539215, -0.04450196772813797, -0.3121606707572937, -0.25213271379470825, -0.8663804531097412, -0.2160351574420929, 0.15154026448726654, -0.044828858226537704, -0.1256217360496521, 0.313672810792923, 0.3876436948776245, 0.17768123745918274, -0.4484172463417053, 0.2438887655735016, -0.1914275884628296, 0.49142956733703613, -0.34430405497550964, -0.21098192036151886, 0.20750057697296143, 0.4629855751991272, 0.5035399198532104, 0.26881808042526245, -0.0022263762075453997, -0.38240861892700195, -0.24378105998039246, -0.11934461444616318, 0.2905009686946869, -0.1742868423461914, 0.026683447882533073, -0.018213042989373207, -0.5097902417182922, -0.5042858719825745, -0.13599829375743866, -0.33581361174583435, -0.07241406291723251, 0.08146684616804123, -0.02645399607717991, -0.09443128108978271, -0.3090674579143524, -0.0961655005812645, 0.4546845257282257, -0.02695021964609623, -0.09816373139619827, -0.22037838399410248, 0.4110073745250702, 0.13984662294387817, -0.2242666333913803, 0.12856657803058624, -0.2072027325630188, 0.29173001646995544, 0.18322737514972687, -0.11936914920806885, 0.32424861192703247, -0.4614301025867462, 0.35021504759788513, 0.10325535386800766, -0.16011404991149902, -0.03276275470852852, 0.0788898691534996, 0.10890226811170578, 0.1637558788061142, -0.5389664173126221, -0.04705777019262314, -0.1826513111591339, -0.026746895164251328, 0.1748700737953186, 0.18630190193653107, 0.15184123814105988, -0.44653505086898804, 0.23264752328395844, -0.17442849278450012, 0.3498687148094177, 0.032505571842193604, 0.11150328814983368, 0.028381766751408577, -0.2915600836277008, -0.06235193833708763, -0.28326258063316345, -0.24729757010936737, -0.4378175735473633, -0.11452041566371918, 0.12896142899990082, -0.00020387544645927846, 0.5063060522079468, 0.12689082324504852, 0.33980995416641235, 0.12468736618757248, -0.43439626693725586, -0.2528110146522522, 0.22738583385944366, 0.11902157217264175, 0.18549489974975586, 0.34666433930397034, -0.26990973949432373, -0.03839540481567383, 0.17839296162128448, -0.020219510421156883, -0.41334837675094604, -0.3248470723628998, 0.3022700846195221, 0.18960970640182495, 0.1491709202528, 0.3290856182575226, -0.08251141011714935, 0.23487123847007751, -0.01582532376050949, -0.5305765867233276, -0.14868876338005066, 0.11975907534360886, 0.5856423377990723, -0.417647123336792, -0.08486726135015488, 0.10565586388111115]]
body_pose: [[[-0.5113009214401245, -0.05505743995308876, 0.054760172963142395], [-0.06261090189218521, -0.04839867353439331, -0.03510419279336929], [0.20939941704273224, 0.014393228106200695, -0.020144637674093246], [0.437732458114624, 0.007602761033922434, -0.053195469081401825], [0.7405920624732971, 0.04148152470588684, 0.10903070867061615], [-0.08126875758171082, -0.032198186963796616, -0.03718230500817299], [-0.14480870962142944, 0.3218415677547455, -0.2801986634731293], [-0.2648966908454895, -0.22014734148979187, 0.20899683237075806], [0.03545141965150833, -0.011761829257011414, -0.03332735598087311], [-0.01613578572869301, -0.005565401632338762, 0.06855947524309158], [-0.046612031757831573, -0.030431535094976425, 0.016156796365976334], [-0.21526186168193817, -0.018334604799747467, 0.05012623965740204], [-0.034193288534879684, 0.010394942946732044, -0.3809766471385956], [-0.0004491625295486301, -0.011168374679982662, 0.1987513303756714], [0.11779860407114029, 0.15277700126171112, 0.023410048335790634], [0.03686770051717758, -0.16065143048763275, -0.8443722724914551], [0.031792014837265015, 0.2782958447933197, 0.9034398198127747], [0.01708383858203888, -0.6826874017715454, 0.09813788533210754], [-0.14855696260929108, 1.2673003673553467, -0.07490012794733047], [-0.05782380700111389, -0.03050968423485756, 0.3369354009628296], [0.055419862270355225, 0.08281780034303665, -0.4110580384731293]]]
bodypose_mat: [[[[0.9970516562461853, -0.0385870635509491, -0.06632599979639053], [0.06611612439155579, 0.8707069754600525, 0.4873376786708832], [0.03894558176398277, -0.4902859926223755, 0.8706910610198975]], [[0.9982137084007263, 0.036574557423591614, -0.04723997786641121], [-0.03354616090655327, 0.9974254369735718, 0.06338169425725937], [0.04943650960922241, -0.06168375909328461, 0.9968706965446472]], [[0.9996945858001709, 0.021497083827853203, 0.012185473926365376], [-0.01849430240690708, 0.9779548645019531, -0.20799560844898224], [-0.016388144344091415, 0.2077067494392395, 0.9780537486076355]], [[0.9985795021057129, 0.053124941885471344, -0.004096514079719782], [-0.04985058307647705, 0.9043457508087158, -0.42387911677360535], [-0.018813900649547577, 0.42348119616508484, 0.905709445476532]], [[0.9935085773468018, -0.08444556593894958, 0.07622086256742477], [0.11375416815280914, 0.7326982617378235, -0.6709793210029602], [0.0008143333252519369, 0.6752941608428955, 0.7375480532646179]], [[0.9987913966178894, 0.03843378648161888, -0.030640048906207085], [-0.03581904619932175, 0.9960094690322876, 0.08174475282430649], [0.03365953639149666, -0.08054843544960022, 0.9961823225021362]], [[0.9104836583137512, 0.24790042638778687, 0.33100590109825134], [-0.293722540140152, 0.9510956406593323, 0.09562544524669647], [-0.29111266136169434, -0.18428930640220642, 0.9387710094451904]], [[0.9545475840568542, -0.1746227741241455, -0.2415487915277481], [0.2321544885635376, 0.9438408613204956, 0.2350929081439972], [0.1869310438632965, -0.28048402070999146, 0.9414804577827454]], [[0.9993755221366882, 0.033104993402957916, -0.01234754454344511], [-0.03352188318967819, 0.9988164901733398, -0.03524065762758255], [0.011166289448738098, 0.03563256934285164, 0.9993025064468384]], [[0.9976353049278259, -0.06845757365226746, -0.006113672628998756], [0.068547323346138, 0.9975206255912781, 0.015931664034724236], [0.005007871892303228, -0.016313066706061363, 0.9998543858528137]], [[0.9994065761566162, -0.01543870847672224, -0.030790945515036583], [0.01685679331421852, 0.998783528804779, 0.04634016752243042], [0.030038053169846535, -0.046831708401441574, 0.9984510540962219]], [[0.9985815286636353, -0.04775103181600571, -0.02355773001909256], [0.05168162286281586, 0.9756748080253601, 0.21304389834403992], [0.01281161792576313, -0.21395915746688843, 0.9767587184906006]], [[0.9282562136650085, 0.371571809053421, 0.016577456146478653], [-0.37192291021347046, 0.9277321696281433, 0.031408872455358505], [-0.0037087879609316587, -0.03532101586461067, 0.999369204044342]], [[0.9802519083023071, -0.19743873178958893, -0.011139246635138988], [0.19744375348091125, 0.9803139567375183, -0.0006600023480132222], [0.011050269939005375, -0.0015524059999734163, 0.9999376535415649]], [[0.9880930781364441, -0.014292803592979908, 0.1531917154788971], [0.03223315626382828, 0.9928103685379028, -0.11527591943740845], [-0.1504427194595337, 0.11884119361639023, 0.9814497828483582]], [[0.6528415083885193, 0.7412184476852417, -0.1561831682920456], [-0.7467849254608154, 0.6643306612968445, 0.031258147209882736], [0.12692639231681824, 0.09622861444950104, 0.9872334003448486]], [[0.5855094790458679, -0.770523190498352, 0.2519381046295166], [0.7787304520606995, 0.6209626197814941, 0.08935530483722687], [-0.22529444098472595, 0.14387348294258118, 0.9636093974113464]], [[0.771439254283905, -0.09613950550556183, -0.6289981007575989], [0.08493193238973618, 0.9952321648597717, -0.047951363027095795], [0.6306092739105225, -0.016430456191301346, 0.7759264707565308]], [[0.2980755865573883, -0.02588708885014057, 0.9541912078857422], [-0.1381036788225174, 0.9879449009895325, 0.06994442641735077], [-0.9444990158081055, -0.15262603759765625, 0.2909071445465088]], [[0.9433314204216003, -0.32948562502861023, -0.039560385048389435], [0.33123257756233215, 0.942136824131012, 0.05160556361079216], [0.02026800438761711, -0.061784837394952774, 0.9978836178779602]], [[0.9133892059326172, 0.4011717736721039, 0.06914886087179184], [-0.3966500163078308, 0.9152547121047974, -0.07055135816335678], [-0.09159203618764877, 0.037012938410043716, 0.9951085448265076]]]]
global_orient: [[[-3.1396217346191406, -0.009944066405296326, 0.01715262047946453]]]
globalorient_mat: [[[[0.9999202489852905, 0.006323878187686205, -0.010932151228189468], [0.006344732828438282, -0.9999780654907227, 0.001873902976512909], [-0.010920061729848385, -0.001943115028552711, -0.999938428401947]]]]
transl: [[0.02472344972193241, 0.2558613419532776, 0.033179182559251785]]
expression: [[-0.6387066841125488, -0.06565646082162857, 0.10830491781234741, -0.20606791973114014, -0.28942540287971497, -0.5660069584846497, -0.27834585309028625, 0.44024282693862915, 0.19493132829666138, -0.18439312279224396, 0.16090618073940277, 0.3830951452255249, 0.20842218399047852, -0.3673231899738312, 0.2804066836833954, 0.054798513650894165, 0.0063458457589149475, 0.08833238482475281, -0.13778501749038696, -0.008845347911119461, -0.04902391880750656, 0.06719911843538284, -0.17196711897850037, -0.052310168743133545, -0.03793977573513985, 0.05618374049663544, -0.025807224214076996, 0.09973270446062088, 0.0167350172996521, -0.07638062536716461, -0.07896453142166138, -0.16256718337535858, -0.05093923211097717, 0.09560011327266693, 0.10686508566141129, 0.007305102422833443, 0.06563679873943329, -0.050141170620918274, -0.03540767356753349, -0.13949117064476013, -0.04775553196668625, 0.044549524784088135, -0.017964312806725502, -0.028449535369873047, -0.03187026083469391, 0.008536439388990402, -0.005016054958105087, 0.10380932688713074, 0.06752309948205948, -0.048513006418943405]]
jaw_pose: [[[0.05442212149500847, 0.0017374511808156967, -2.5534405722282827e-05]]]
left_hand_pose: [[[0.08600445836782455, 0.1774899661540985, -0.8631136417388916], [0.2099573016166687, -0.13432741165161133, -0.9030457735061646], [-0.08590590208768845, -0.1422295719385147, -0.0489928238093853], [-0.2599063217639923, 0.049360327422618866, -1.1474469900131226], [-0.19378715753555298, 0.11915738135576248, -0.6301916837692261], [-0.032560158520936966, -0.0997399091720581, -0.2719016671180725], [-0.6223219633102417, -0.5478636026382446, -0.9225430488586426], [-0.3517197072505951, -0.03580793738365173, -0.6193658709526062], [-0.44845879077911377, -0.1138133630156517, -0.020115187391638756], [-0.12511396408081055, -0.2568213939666748, -1.129895806312561], [-0.5104917287826538, -0.09560301899909973, -0.5840961933135986], [-0.22786521911621094, -0.13649021089076996, -0.48528265953063965], [1.148858666419983, 0.16957102715969086, -0.1063360944390297], [-0.7501080632209778, -0.23263034224510193, -0.08765878528356552], [0.6697968244552612, 0.08565263450145721, -0.151572585105896]]]
right_hand_pose: [[[0.027731874957680702, -0.046215783804655075, 0.6336305737495422], [0.20617537200450897, 0.11967850476503372, 0.7857288718223572], [-0.10076931118965149, 0.1187262013554573, 0.15690471231937408], [-0.08784488588571548, 0.06467846781015396, 0.8183830976486206], [-0.2109927088022232, 0.014924352057278156, 0.5301293730735779], [-0.06565926969051361, 0.08707712590694427, 0.3313019573688507], [-0.020966362208127975, 0.31188181042671204, 0.4679108262062073], [-0.4581319987773895, 0.11666757613420486, 0.4020289480686188], [-0.2818969786167145, 0.15957152843475342, 0.07207979261875153], [0.02608684077858925, 0.1397886425256729, 0.7098002433776855], [-0.40758103132247925, 0.1210431382060051, 0.524188220500946], [-0.21121788024902344, 0.18620172142982483, 0.39125144481658936], [0.7571558356285095, -0.021217074245214462, -0.03906330093741417], [-0.4578034579753876, -0.021948479115962982, 0.23158299922943115], [0.6113938093185425, -0.31071415543556213, 0.20900127291679382]]]
scale: [[1.0467478036880493]]
smpl_joints: [[0.02945016883313656, -0.09056887775659561, -0.04614712670445442], [0.08362550288438797, 0.003540441393852234, -0.07052253186702728], [-0.03053768165409565, 0.015497729182243347, -0.06621994823217392], [0.02777809090912342, -0.20387470722198486, -0.07410610467195511], [0.15363118052482605, 0.34296485781669617, 0.11830167472362518], [-0.09449216723442078, 0.38529375195503235, -0.06043833866715431], [0.04041178524494171, -0.340790331363678, -0.05312460660934448], [0.11666133254766464, 0.7579239010810852, 0.1157834380865097], [-0.043305132538080215, 0.7000584602355957, -0.337417870759964], [0.032362908124923706, -0.3933314383029938, -0.021448535844683647], [0.17831861972808838, 0.8096271753311157, 0.23658588528633118], [-0.09560423344373703, 0.8132578730583191, -0.2652958333492279], [0.0370255783200264, -0.5598762631416321, -0.01992366462945938], [0.08763712644577026, -0.47295454144477844, -0.010139158926904202], [-0.007087825797498226, -0.4830021262168884, -0.018921026960015297], [0.07033123075962067, -0.7191333770751953, -0.005844766274094582], [0.22138704359531403, -0.46737274527549744, -0.02434532344341278], [-0.11628500372171402, -0.5256689190864563, -0.031001506373286247], [0.21805211901664734, -0.19611111283302307, -0.07521407306194305], [-0.2318078875541687, -0.2667658030986786, -0.0467754490673542], [0.283962219953537, -0.0048480951227247715, 0.09577080607414246], [-0.25898709893226624, -0.19406256079673767, 0.202820286154747], [0.26195085048675537, 0.10223052650690079, 0.17721962928771973], [-0.24914024770259857, -0.15237808227539062, 0.35686877369880676]]
