betas: [[-0.09435633569955826, 0.26993677020072937, -0.5611228942871094, -0.4864713251590729, -0.9448280930519104, -0.08725985884666443, -0.5425194501876831, -0.06915382295846939, -0.36824795603752136, -0.11400551348924637, -0.8155308365821838, 0.5146506428718567, -0.18076659739017487, -0.5407460927963257, -0.19726252555847168, -0.40037646889686584, 0.21453069150447845, -0.49748966097831726, -0.46164432168006897, 0.16959670186042786, 0.4142618775367737, 0.12898878753185272, -0.5874751806259155, 0.1476176530122757, -0.2558750510215759, -0.14534874260425568, 0.39429745078086853, -0.1137010008096695, 0.4570925533771515, 0.06924743950366974, 0.006900646258145571, 0.10808274149894714, 0.09557467699050903, -0.08380820602178574, -0.49454089999198914, 0.5501866340637207, -0.21952475607395172, 0.1679825633764267, -0.20653165876865387, 0.23615029454231262, 0.8932939767837524, -0.48393023014068604, -0.5361773371696472, -0.3424399197101593, -0.5050351023674011, -0.43413037061691284, -0.2726278007030487, 0.22800765931606293, 0.6029772162437439, 0.3708946406841278, -0.04073171690106392, 0.1332515925168991, -0.08578362315893173, -0.04129628837108612, -0.452632874250412, -0.12864574790000916, -0.32741808891296387, -0.530600905418396, -0.44095224142074585, 0.5227904915809631, -0.3864569067955017, 0.9810336232185364, -0.034802913665771484, -0.04981730505824089, -0.5494506359100342, 0.2643420100212097, 0.5536754131317139, 0.14343413710594177, 0.7028450965881348, 0.13798892498016357, -0.0037233575712889433, -0.25711217522621155, -0.394815057516098, 0.001227231347002089, 0.37465932965278625, -0.1285587102174759, -0.09191147238016129, 0.1680794358253479, 0.21269090473651886, 0.17870306968688965, 0.0931631326675415, -0.241570845246315, 0.2917501926422119, -0.3059519827365875, -0.12627777457237244, 0.5554313659667969, -0.03812189772725105, 0.1576852947473526, -0.25703001022338867, -0.4919205904006958, -0.38330861926078796, -0.878899335861206, -0.1115969866514206, 0.30280327796936035, -0.13198034465312958, -0.11339912563562393, 0.2902504503726959, 0.5003093481063843, 0.27942797541618347, -0.0964413583278656, 0.40002524852752686, -0.28556177020072937, 0.5595479607582092, -0.3585907816886902, 0.019923202693462372, 0.2881983816623688, 0.4037177562713623, 0.2546689212322235, 0.16981013119220734, -0.10053505748510361, -0.38412922620773315, -0.4644295275211334, -0.01441381499171257, 0.2963428795337677, -0.039072368294000626, -0.2636492848396301, 0.2391229271888733, -0.6127320528030396, -0.5126757621765137, -0.0762190967798233, -0.22619962692260742, 0.07899634540081024, -0.09762845188379288, -0.4223869740962982, -0.16080594062805176, -0.20627674460411072, 0.10551554709672928, 0.5066658854484558, 0.25852644443511963, 0.04829283803701401, 0.14497588574886322, 0.3093264698982239, 0.22485603392124176, -0.1907239705324173, 0.147353857755661, -0.2330087572336197, 0.33747220039367676, 0.020299963653087616, -0.1330108642578125, 0.47128772735595703, -0.44276905059814453, 0.46569186449050903, 0.08693092316389084, 0.03181980922818184, 0.020418992266058922, -0.5177863240242004, 0.21413007378578186, 0.012024383060634136, -0.597825288772583, 0.035942330956459045, -0.12676002085208893, 0.028257474303245544, 0.20207740366458893, 0.34234029054641724, 0.3872225284576416, -0.3524123430252075, 0.062277428805828094, -0.29721179604530334, 0.2326563447713852, -0.025109773501753807, -0.049063656479120255, -0.0028403608594089746, -0.5091785788536072, 0.05719480663537979, -0.04185910522937775, -0.17867177724838257, -0.17869561910629272, -0.04719918966293335, 0.1355581432580948, -0.2289019227027893, 0.2322026789188385, 0.17272788286209106, 0.2327006310224533, 0.09778915345668793, -0.12358412146568298, -0.22842207551002502, -0.05127064883708954, 0.21883061528205872, 0.055641695857048035, 0.02237877808511257, -0.5065611600875854, 0.35118141770362854, 0.36730435490608215, -0.3897428512573242, -0.4696144461631775, -0.393400102853775, 0.16749826073646545, 0.1547493040561676, 0.013742046430706978, 0.5106183886528015, -0.10293303430080414, 0.3798474073410034, 0.2583369016647339, -0.4271920919418335, 0.08004321902990341, -0.08816689997911453, 0.5098647475242615, -0.3345843553543091, -0.01674250327050686, 0.020465485751628876]]
body_pose: [[[-0.24231600761413574, 0.1307978630065918, 0.18411722779273987], [0.04504845291376114, -0.13173674046993256, -0.13412226736545563], [0.08184842020273209, 0.05896029621362686, -0.025355087593197823], [0.2592228651046753, 0.0070757633075118065, -0.041892196983098984], [0.6292753219604492, 0.08901569247245789, 0.09147805720567703], [-0.021298352628946304, 0.011439289897680283, -0.04930076748132706], [-0.2500649094581604, 0.27196183800697327, -0.440597802400589], [-0.1579340696334839, -0.1547127366065979, 0.08481841534376144], [0.01721126027405262, 0.025416534394025803, -0.04740649089217186], [-0.1799827367067337, 0.0429048091173172, 0.16601385176181793], [-0.08768530189990997, -0.10363855212926865, -0.23055265843868256], [-0.10628058016300201, -0.09363547712564468, 0.05875920504331589], [-0.14147904515266418, 0.17902441322803497, -0.4055146276950836], [-0.05841737240552902, 0.07306819409132004, 0.1830713301897049], [0.17564208805561066, 0.12532898783683777, 0.04505554959177971], [0.44835346937179565, -0.20447015762329102, -0.9140065908432007], [-0.06195593997836113, 0.20296505093574524, 0.8800984621047974], [0.3582034409046173, -0.8546122908592224, -0.020280402153730392], [0.10858644545078278, 0.9627790451049805, -0.20442022383213043], [0.20392803847789764, -0.01949281617999077, -0.009523631073534489], [0.04038837552070618, 0.009596833027899265, -0.44755133986473083]]]
bodypose_mat: [[[[0.9747287631034851, -0.1964714676141739, 0.10631495714187622], [0.16506579518318176, 0.954113781452179, 0.24984031915664673], [-0.15052306652069092, -0.2259775698184967, 0.962432861328125]], [[0.9823832511901855, 0.13033033907413483, -0.1339292973279953], [-0.1362464278936386, 0.9900220632553101, -0.035961441695690155], [0.12790609896183014, 0.0535753071308136, 0.990338146686554]], [[0.997942328453064, 0.027720127254724503, 0.05781733989715576], [-0.022898662835359573, 0.9963322281837463, -0.08244771510362625], [-0.0598907470703125, 0.08095411956310272, 0.9949168562889099]], [[0.9991027116775513, 0.042323917150497437, 0.0015961130848154426], [-0.040500249713659286, 0.9657220244407654, -0.25639936327934265], [-0.012393229641020298, 0.25610464811325073, 0.9665696024894714]], [[0.9921300411224365, -0.058262038975954056, 0.11083105206489563], [0.11237917840480804, 0.8046735525131226, -0.5829848647117615], [-0.05521692708134651, 0.590851902961731, 0.8048882484436035]], [[0.9987195730209351, 0.04915420711040497, 0.01195842307060957], [-0.0493977814912796, 0.9985582828521729, 0.02100573666393757], [-0.010908661410212517, -0.02156956121325493, 0.999707818031311]], [[0.8696079254150391, 0.383639931678772, 0.31080934405326843], [-0.44979485869407654, 0.8751675486564636, 0.1782311350107193], [-0.20363366603851318, -0.29479163885116577, 0.9336119294166565]], [[0.9845075011253357, -0.07186774164438248, -0.1599375307559967], [0.09618818759918213, 0.9840062856674194, 0.14993157982826233], [0.1466042846441269, -0.16299286484718323, 0.9756743907928467]], [[0.9985536336898804, 0.04759996756911278, 0.024995174258947372], [-0.047162629663944244, 0.9987285733222961, -0.017804406583309174], [-0.025810880586504936, 0.01659981906414032, 0.9995290040969849]], [[0.9853748083114624, -0.16815052926540375, 0.027601249516010284], [0.16046808660030365, 0.9701768755912781, 0.18167786300182343], [-0.05732732266187668, -0.17459167540073395, 0.982970654964447]], [[0.968242347240448, 0.23232854902744293, -0.09235859662294388], [-0.22329507768154144, 0.9697594046592712, 0.09851885586977005], [0.1124543622136116, -0.07476691156625748, 0.990839958190918]], [[0.9939018487930298, -0.05356311425566673, -0.09638529270887375], [0.06349525600671768, 0.9926403760910034, 0.10311894118785858], [0.0901525542140007, -0.1086101084947586, 0.9899880886077881]], [[0.9035139083862305, 0.3786020874977112, 0.20080600678920746], [-0.4034765958786011, 0.9094228744506836, 0.10078050196170807], [-0.14446187019348145, -0.17207711935043335, 0.9744333028793335]], [[0.9806413054466248, -0.18391117453575134, 0.0672261044383049], [0.1796577274799347, 0.9816011190414429, 0.06467156112194061], [-0.0778830423951149, -0.051341913640499115, 0.9956396818161011]], [[0.9911671280860901, -0.033729542046785355, 0.1282573640346527], [0.05565360561013222, 0.9836263656616211, -0.17141121625900269], [-0.12037571519613266, 0.1770351678133011, 0.9768152832984924]], [[0.599412739276886, 0.716521143913269, -0.3567937910556793], [-0.8002491593360901, 0.526707112789154, -0.28667211532592773], [-0.017480842769145966, 0.4573588967323303, 0.8891103863716125]], [[0.6192246079444885, -0.7705773711204529, 0.1509024053812027], [0.7588381767272949, 0.6366613507270813, 0.13721145689487457], [-0.20180575549602509, 0.029545802623033524, 0.9789798855781555]], [[0.6600338220596313, -0.12491489946842194, -0.740777850151062], [-0.1599126011133194, 0.9401171803474426, -0.30101117491722107], [0.7340186834335327, 0.317137211561203, 0.600533664226532]], [[0.5539408326148987, 0.22075223922729492, 0.8027564883232117], [-0.12447547912597656, 0.9753293395042419, -0.1823144108057022], [-0.8231982588768005, 0.001067906036041677, 0.5677529573440552]], [[0.9997655153274536, 0.007476408965885639, -0.020324137061834335], [-0.011437621898949146, 0.9792342782020569, -0.20240911841392517], [0.01838880032300949, 0.2025941014289856, 0.97909015417099]], [[0.9014784097671509, 0.43282389640808105, 0.000390148488804698], [-0.4324428141117096, 0.9007216691970825, -0.04115375503897667], [-0.01816374436020851, 0.03693050146102905, 0.9991527199745178]]]]
global_orient: [[[3.040515899658203, -0.003254916984587908, 0.5738717913627625]]]
globalorient_mat: [[[[0.931240439414978, -0.010852599516510963, 0.36424359679222107], [0.006720161065459251, -0.9988749623298645, -0.046942416578531265], [0.3643432855606079, 0.04616245627403259, -0.9301198124885559]]]]
transl: [[-0.01937776245176792, 0.2522486746311188, 0.01900561898946762]]
expression: [[-0.46147093176841736, -0.09940347820520401, 0.1544053554534912, -0.10427480190992355, -0.4162875711917877, -0.6499850153923035, -0.1819603443145752, 0.27651846408843994, 0.2951231300830841, -0.04807712137699127, 0.08316586911678314, 0.49162131547927856, 0.2382349967956543, -0.3243975043296814, 0.37512075901031494, -0.07199045270681381, -0.28328120708465576, 0.015378767624497414, -0.1980847716331482, 0.20288394391536713, -0.03378249704837799, -0.09146725386381149, 0.017717108130455017, -0.09637383371591568, -0.21656012535095215, 0.06579084694385529, -0.009386084973812103, 0.12761139869689941, -0.05136331170797348, -0.12085962295532227, -0.051416970789432526, -0.1464758813381195, -0.006874170619994402, -0.05314883217215538, 0.13777035474777222, 0.05285143852233887, 0.05800395458936691, -0.03256808966398239, -0.037490326911211014, -0.107784703373909, -0.05391668528318405, -0.017540257424116135, -0.032563213258981705, -0.01611168310046196, -0.09726931899785995, 0.06021919101476669, -0.012314040213823318, 0.18989774584770203, 0.0031669423915445805, -0.051815569400787354]]
jaw_pose: [[[0.039540451020002365, 0.0026945360004901886, -0.0007898983894847333]]]
left_hand_pose: [[[0.11338909715414047, 0.24106670916080475, -0.5819551348686218], [0.19420881569385529, -0.10344947129487991, -1.1381856203079224], [-0.10006535798311234, -0.16404065489768982, -0.3309125602245331], [-0.17130844295024872, 0.17733973264694214, -0.9690102338790894], [-0.22555482387542725, 0.11513181775808334, -0.8251610398292542], [-0.008444586768746376, -0.13260023295879364, -0.4742245078086853], [-0.5877602696418762, -0.39676547050476074, -0.9187108278274536], [-0.43476149439811707, -0.03219164162874222, -0.6415820717811584], [-0.42230224609375, -0.09942792356014252, -0.21421301364898682], [-0.11166654527187347, -0.1338232010602951, -1.0583215951919556], [-0.4936869144439697, -0.08907859772443771, -0.7333899140357971], [-0.25606569647789, -0.19500602781772614, -0.5399976372718811], [0.8573490977287292, 0.38692811131477356, 0.089255690574646], [-0.6901473999023438, 0.07002513855695724, -0.03667522966861725], [0.662783682346344, 0.15042315423488617, -0.2532973885536194]]]
right_hand_pose: [[[0.03896508738398552, -0.05817558616399765, 0.6138637661933899], [0.23874503374099731, 0.06375174969434738, 0.524836003780365], [-0.17603164911270142, 0.10703685134649277, 0.03062598593533039], [-0.08648824691772461, 0.017208019271492958, 0.8768320083618164], [-0.14523938298225403, 0.015250910073518753, 0.3446638882160187], [-0.008734411559998989, 0.09734844416379929, 0.2897268533706665], [-0.34671059250831604, 0.38222217559814453, 0.808258593082428], [-0.28814855217933655, 0.1090717688202858, 0.36738166213035583], [-0.28090453147888184, 0.08012723177671432, 0.027570484206080437], [-0.05402900651097298, 0.13097193837165833, 0.8617416620254517], [-0.33212098479270935, 0.10340847074985504, 0.38112446665763855], [-0.1692373901605606, 0.17155829071998596, 0.36903369426727295], [0.7899172902107239, -0.07428105175495148, -0.05159619823098183], [-0.4854133129119873, 0.01957775093615055, 0.310787171125412], [0.5806547403335571, -0.22424793243408203, 0.0232622642070055]]]
scale: [[1.01229989528656]]
smpl_joints: [[-0.01681709848344326, -0.09576202183961868, -0.030520955100655556], [0.025991035625338554, -0.002472611842676997, -0.0674830824136734], [-0.07689251750707626, 0.008847358636558056, -0.020908916369080544], [-0.030687110498547554, -0.20537352561950684, -0.060690805315971375], [0.177692249417305, 0.3522430658340454, -0.031404078006744385], [-0.17314614355564117, 0.3644298315048218, -0.007225280627608299], [-0.019754353910684586, -0.3402772545814514, -0.06994232535362244], [0.17461206018924713, 0.7591125965118408, -0.04371599107980728], [-0.24159832298755646, 0.6884226202964783, -0.25315719842910767], [-0.014799695461988449, -0.39522725343704224, -0.04441578686237335], [0.28888919949531555, 0.7996953725814819, 0.03120281733572483], [-0.27420124411582947, 0.7950531244277954, -0.1664949655532837], [-0.016252705827355385, -0.5565022826194763, -0.0660073310136795], [0.0350358784198761, -0.47201043367385864, -0.07115805894136429], [-0.050789039582014084, -0.4835945665836334, -0.03416978940367699], [0.01971912756562233, -0.7113601565361023, -0.07184839993715286], [0.12761323153972626, -0.4569471776485443, -0.16669857501983643], [-0.15006232261657715, -0.5288858413696289, 0.009015049785375595], [0.07240612804889679, -0.19594502449035645, -0.20263108611106873], [-0.2420288622379303, -0.2863336205482483, 0.10555411130189896], [0.11099373549222946, -0.02190065197646618, -0.015630856156349182], [-0.19523249566555023, -0.2179696410894394, 0.34637710452079773], [0.05109214037656784, 0.07975539565086365, 0.036937616765499115], [-0.1578759104013443, -0.16610021889209747, 0.49542903900146484]]
