betas: [[-0.2128543108701706, 0.2286415696144104, -0.6174039840698242, -0.4801327884197235, -0.8528145551681519, -0.0824316069483757, -0.5770107507705688, -0.03308963030576706, -0.38848114013671875, -0.19960443675518036, -0.8555356860160828, 0.5139000415802002, -0.11754868924617767, -0.48024240136146545, -0.30900949239730835, -0.2987464368343353, 0.23074820637702942, -0.4894229769706726, -0.5062154531478882, 0.2523230314254761, 0.32949328422546387, 0.1515670120716095, -0.3985235095024109, 0.13697753846645355, -0.2887551486492157, -0.11241668462753296, 0.3520204722881317, -0.12212520837783813, 0.26478636264801025, 0.024947769939899445, -0.10058803856372833, -0.1535816788673401, -0.01538239698857069, -0.13896982371807098, -0.5184787511825562, 0.6478679776191711, -0.13778084516525269, 0.051403261721134186, -0.1537906974554062, 0.3728664219379425, 0.9196908473968506, -0.4134290814399719, -0.5858293175697327, -0.20272231101989746, -0.481955349445343, -0.43512922525405884, -0.22158142924308777, -0.024180956184864044, 0.4228157699108124, 0.4268186092376709, 0.04258790239691734, 0.3568938374519348, 0.08084960281848907, -0.18172168731689453, -0.5085155367851257, -0.051892057061195374, -0.28917378187179565, -0.4353694021701813, -0.5435587167739868, 0.43070945143699646, -0.30081939697265625, 1.0012880563735962, -0.09582379460334778, -0.05185997486114502, -0.5287824273109436, 0.11093258857727051, 0.588261067867279, 0.19582365453243256, 0.6780649423599243, 0.17465470731258392, 0.1603131741285324, -0.2550199031829834, -0.39186128973960876, 0.06975715607404709, 0.41309770941734314, -0.09887878596782684, -0.18904897570610046, 0.07873909920454025, 0.3495030403137207, 0.1860516518354416, -0.036825500428676605, -0.30195242166519165, 0.30666059255599976, -0.2894763648509979, -0.2785876989364624, 0.5573250651359558, 0.05362994596362114, 0.17391054332256317, -0.22551168501377106, -0.5077015161514282, -0.30781134963035583, -0.7954422831535339, -0.1675850749015808, 0.2449694126844406, -0.3248712122440338, -0.1569250524044037, 0.2821134030818939, 0.44719499349594116, 0.35713979601860046, -0.2540985643863678, 0.3197513222694397, -0.35547107458114624, 0.507707417011261, -0.3840896189212799, 0.08437125384807587, 0.22081516683101654, 0.4296821057796478, 0.43407779932022095, 0.23001135885715485, -0.0995713472366333, -0.26673123240470886, -0.5314795970916748, -0.04936397448182106, 0.3745594322681427, -0.14961335062980652, -0.19922193884849548, 0.18744148313999176, -0.634660005569458, -0.5038489103317261, -0.03479158878326416, -0.38348516821861267, 0.09221772849559784, -0.12648877501487732, -0.22451920807361603, -0.08880097419023514, -0.14116516709327698, 0.089856818318367, 0.47756385803222656, 0.17469368875026703, -0.06800587475299835, 0.11495117843151093, 0.4072502553462982, 0.2108476608991623, -0.12943485379219055, 0.13343480229377747, 0.08587958663702011, 0.4268902540206909, 0.111724853515625, -0.12764182686805725, 0.3308938145637512, -0.38261014223098755, 0.46247050166130066, 0.13330447673797607, -0.02311282604932785, -0.007644772995263338, -0.5241237282752991, 0.10931257903575897, 0.10169805586338043, -0.5844076871871948, 0.11796433478593826, -0.12845860421657562, -0.011821785010397434, 0.24260441958904266, 0.34972524642944336, 0.5741898417472839, -0.3685697913169861, 0.2232392132282257, -0.25538861751556396, 0.3985753655433655, 0.06311594694852829, -0.20215696096420288, 0.02228882722556591, -0.5816730260848999, 0.008549315854907036, -0.18380852043628693, -0.27454569935798645, -0.2950354218482971, -0.14483696222305298, 0.332509845495224, -0.14460042119026184, 0.23636195063591003, 0.24650998413562775, 0.5056172609329224, 0.2711271643638611, -0.17696477472782135, -0.2864914536476135, -0.026521936058998108, 0.23336094617843628, 0.13294853270053864, 0.24061435461044312, -0.3653821051120758, -0.0485096238553524, 0.297289103269577, -0.4455673396587372, -0.5341894030570984, -0.4252248704433441, 0.2785916030406952, 0.24087686836719513, -0.009693251922726631, 0.34307146072387695, -0.10896901041269302, 0.5509782433509827, 0.033071812242269516, -0.31587451696395874, -0.030222630128264427, 0.24679018557071686, 0.5608327984809875, -0.389700710773468, -0.007693289313465357, 0.14974011480808258]]
body_pose: [[[-0.28331390023231506, 0.06732388585805893, 0.1438189297914505], [0.023643523454666138, -0.12586234509944916, -0.11526215821504593], [0.1221480444073677, 0.028372416272759438, -0.014530656859278679], [0.2748110890388489, 0.04794609546661377, -0.048036061227321625], [0.5898299217224121, 0.05551453307271004, 0.08055330812931061], [-0.022659286856651306, 0.015862077474594116, -0.052162788808345795], [-0.17300520837306976, 0.2666511833667755, -0.4030824303627014], [-0.1423560380935669, -0.1813102811574936, 0.12582387030124664], [0.01829913631081581, 0.0292995423078537, -0.05307130143046379], [-0.03160299360752106, -3.324563294881955e-05, 0.06896164268255234], [0.01838836446404457, -0.10676757246255875, -0.13564836978912354], [-0.1331028789281845, -0.07631909102201462, 0.040057893842458725], [-0.06615371257066727, 0.10854960232973099, -0.4144533574581146], [-0.03657732903957367, 0.07992684096097946, 0.2110627293586731], [0.13982683420181274, 0.14480338990688324, 0.06618969887495041], [0.4232768416404724, -0.25341111421585083, -0.8494049906730652], [-0.05188440904021263, 0.21364334225654602, 0.8876555562019348], [0.366365522146225, -0.901919424533844, 0.03526081144809723], [-0.07703115046024323, 0.9935031533241272, -0.08300244063138962], [0.21771037578582764, 0.07633881270885468, 0.03842758387327194], [-0.009701093658804893, 0.0955844447016716, -0.5061367154121399]]]
bodypose_mat: [[[[0.9875022768974304, -0.15075716376304626, 0.04595201835036278], [0.131850466132164, 0.9499667882919312, 0.2831580936908722], [-0.0863410159945488, -0.27356046438217163, 0.9579717516899109]], [[0.9854726791381836, 0.11320849508047104, -0.1265997737646103], [-0.11617697775363922, 0.9930948615074158, -0.0162910595536232], [0.12388131767511368, 0.03076237253844738, 0.9918200969696045]], [[0.9994926452636719, 0.01622261479496956, 0.027410851791501045], [-0.012761574238538742, 0.9924444556236267, -0.12202973663806915], [-0.029183385893702507, 0.12161801010370255, 0.9921479821205139]], [[0.997712254524231, 0.05394131317734718, 0.04075189307332039], [-0.04085293784737587, 0.9613448977470398, -0.27229970693588257], [-0.053864821791648865, 0.27001187205314636, 0.9613492488861084]], [[0.9953555464744568, -0.059949006885290146, 0.07532276958227158], [0.09172927588224411, 0.8280218243598938, -0.5531415939331055], [-0.029208609834313393, 0.5574818253517151, 0.8296751976013184]], [[0.9985140562057495, 0.05195281654596329, 0.016443677246570587], [-0.05231215059757233, 0.9983832836151123, 0.022232536226511], [-0.015262048691511154, -0.023059707134962082, 0.9996175169944763]], [[0.8857530355453491, 0.36304762959480286, 0.28920239210128784], [-0.408175528049469, 0.905890941619873, 0.11293523013591766], [-0.22098495066165924, -0.21807804703712463, 0.9505828022956848]], [[0.9757871031761169, -0.1115512102842331, -0.18813781440258026], [0.1372138112783432, 0.9820550084114075, 0.1293841004371643], [0.17032873630523682, -0.1520664542913437, 0.9735829830169678]], [[0.998163104057312, 0.05330382660031319, 0.02879454381763935], [-0.05276784673333168, 0.9984248280525208, -0.019064130261540413], [-0.029765378683805466, 0.017509685829281807, 0.9994035363197327]], [[0.9976232647895813, -0.06889498978853226, -0.0011223884066566825], [0.06889604032039642, 0.9971241354942322, 0.03157154843211174], [-0.0010559608926996589, -0.031573839485645294, 0.9995008111000061]], [[0.9851374626159668, 0.1339888721704483, -0.1074761375784874], [-0.13594722747802734, 0.9906542301177979, -0.011072882451117039], [0.10498804599046707, 0.025519395247101784, 0.9941459894180298]], [[0.9962931275367737, -0.03482171520590782, -0.07865997403860092], [0.04495873674750328, 0.9903597235679626, 0.13102038204669952], [0.0733393132686615, -0.13407117128372192, 0.9882541298866272]], [[0.909650981426239, 0.39805877208709717, 0.11867690831422806], [-0.40512797236442566, 0.9132967591285706, 0.04195675253868103], [-0.09168598055839539, -0.0862453430891037, 0.992046058177948]], [[0.9746428728103638, -0.21068407595157623, 0.07538904994726181], [0.20777329802513123, 0.9771570563316345, 0.04465759918093681], [-0.08307559043169022, -0.027861380949616432, 0.996153712272644]], [[0.9873728156089783, -0.055609602481126785, 0.14833243191242218], [0.07578135281801224, 0.9880783557891846, -0.1340084671974182], [-0.13911192119121552, 0.14355714619159698, 0.9798159003257751]], [[0.6377360224723816, 0.6697956919670105, -0.3803505301475525], [-0.7687067985534668, 0.5847380757331848, -0.2591741383075714], [0.048811715096235275, 0.4576627314090729, 0.887785017490387]], [[0.6114599108695984, -0.7741740345954895, 0.1636197417974472], [0.7638405561447144, 0.6314800977706909, 0.1333436667919159], [-0.20655380189418793, 0.04344508424401283, 0.977470338344574]], [[0.6238592863082886, -0.18250048160552979, -0.7599297165870667], [-0.1226147711277008, 0.9374560713768005, -0.3257940113544464], [0.771858274936676, 0.29642823338508606, 0.5624634027481079]], [[0.5430840253829956, 0.03466438874602318, 0.8389624953269958], [-0.10502711683511734, 0.9941051006317139, 0.026912406086921692], [-0.8330840468406677, -0.10272950679063797, 0.5435233116149902]], [[0.9963644742965698, -0.029806137084960938, 0.07980874180793762], [0.04635025933384895, 0.9756739735603333, -0.21427084505558014], [-0.07148072123527527, 0.21719101071357727, 0.9735084176063538]], [[0.8702527284622192, 0.4835900068283081, 0.09381332993507385], [-0.48449698090553284, 0.8746746778488159, -0.01438148133456707], [-0.08901088684797287, -0.03293674811720848, 0.9954859018325806]]]]
global_orient: [[[3.0480165481567383, -0.004910898860543966, 0.46201300621032715]]]
globalorient_mat: [[[[0.95511394739151, -0.01194768212735653, 0.295997679233551], [0.005653167609125376, -0.9982693195343018, -0.05853567644953728], [0.2961847484111786, 0.05758156627416611, -0.9533933997154236]]]]
transl: [[-0.002279113745316863, 0.2492312341928482, -0.01163653377443552]]
expression: [[-0.4243512451648712, -0.10927874594926834, 0.18786311149597168, -0.13121193647384644, -0.360161691904068, -0.593571126461029, -0.21805547177791595, 0.2859806418418884, 0.25178778171539307, 0.0098114600405097, 0.04049355909228325, 0.5250218510627747, 0.23979443311691284, -0.3419559597969055, 0.35850271582603455, -0.06951411068439484, -0.2741696834564209, 0.01226801611483097, -0.20370689034461975, 0.20699115097522736, -0.04895688593387604, -0.05719895660877228, -0.011399850249290466, -0.0969502255320549, -0.1926673948764801, 0.06616919487714767, 0.005289115011692047, 0.11379784345626831, -0.07093169540166855, -0.1268073469400406, -0.042020827531814575, -0.1341339647769928, 0.0018641980132088065, -0.03793751820921898, 0.1229056715965271, 0.03966990113258362, 0.07412281632423401, -0.03640235960483551, -0.029464788734912872, -0.0791914314031601, -0.0553000345826149, -0.0072487592697143555, -0.03330131247639656, -0.01665261760354042, -0.07644984871149063, 0.07191268354654312, -0.004941675812005997, 0.17275407910346985, 0.010645171627402306, -0.05382132530212402]]
jaw_pose: [[[0.045868925750255585, 0.003158802632242441, -0.0013602342223748565]]]
left_hand_pose: [[[0.11855766177177429, 0.24601422250270844, -0.32074758410453796], [0.1159668043255806, -0.09581643342971802, -0.4743705093860626], [-0.06104874610900879, -0.06432933360338211, -0.05684157833456993], [0.0033601827453821898, 0.10418651252985, -0.5884989500045776], [-0.1704651415348053, 0.07694707065820694, -0.3064037561416626], [0.01879553124308586, -0.09323248267173767, -0.11746244877576828], [-0.24260209500789642, -0.35846182703971863, -0.5517299175262451], [-0.13869407773017883, 0.06192774325609207, -0.2822893559932709], [-0.22105851769447327, -0.06804359704256058, 0.06904182583093643], [0.020192699506878853, -0.07809548825025558, -0.6439828276634216], [-0.25970005989074707, -0.0022075443994253874, -0.22579824924468994], [-0.11424015462398529, -0.13959725201129913, -0.16191011667251587], [0.6019174456596375, 0.2835657596588135, 0.13592968881130219], [-0.562909722328186, 0.1264077126979828, -0.031152961775660515], [0.5013794898986816, 0.11579900979995728, -0.1302201747894287]]]
right_hand_pose: [[[-0.007515757344663143, -0.03666204214096069, 0.5392214059829712], [0.19802629947662354, 0.08019359409809113, 0.514485239982605], [-0.09542296081781387, 0.07147339731454849, 0.04869101941585541], [0.01869249902665615, 0.08861088007688522, 0.7084341645240784], [-0.20232905447483063, 0.002123737009242177, 0.275492399930954], [-0.04107784479856491, 0.06961171329021454, 0.19892841577529907], [0.1051056981086731, 0.2258283942937851, 0.4372069239616394], [-0.35528671741485596, 0.07602682709693909, 0.2658137381076813], [-0.18919120728969574, 0.1584472954273224, -0.062197402119636536], [0.0976976603269577, 0.12382535636425018, 0.5954017639160156], [-0.32792335748672485, 0.07240156084299088, 0.3053278923034668], [-0.16737458109855652, 0.18768607079982758, 0.27218368649482727], [0.6063094735145569, 0.03579803183674812, -0.11255230009555817], [-0.4464268386363983, -0.04240567982196808, 0.37315335869789124], [0.4995597004890442, -0.23131941258907318, -0.015001099556684494]]]
scale: [[1.0171936750411987]]
smpl_joints: [[-0.00015653177979402244, -0.09632362425327301, 0.0023361139465123415], [0.04537789896130562, -0.002739769872277975, -0.03118061274290085], [-0.060520872473716736, 0.008620555512607098, 0.007791930343955755], [-0.012095224112272263, -0.20544487237930298, -0.029645930975675583], [0.185712531208992, 0.34870874881744385, 0.045031432062387466], [-0.1469603329896927, 0.36511945724487305, 0.024600109085440636], [-0.0009004553430713713, -0.33983737230300903, -0.0333516001701355], [0.17420808970928192, 0.7557877898216248, 0.052156999707221985], [-0.18879806995391846, 0.7072353959083557, -0.20261622965335846], [0.0015323138795793056, -0.39333033561706543, -0.006079548038542271], [0.2764655351638794, 0.8025348782539368, 0.13843123614788055], [-0.22792555391788483, 0.8105207681655884, -0.11550461500883102], [0.0032597060780972242, -0.554550290107727, -0.02290138602256775], [0.05385261029005051, -0.4701596200466156, -0.025714214891195297], [-0.03434498608112335, -0.48135533928871155, 0.0030500951688736677], [0.04171592742204666, -0.7090423703193665, -0.02619202435016632], [0.16101357340812683, -0.45680588483810425, -0.10252781212329865], [-0.1364806443452835, -0.5227860808372498, 0.03958692029118538], [0.12561465799808502, -0.19553522765636444, -0.1575089544057846], [-0.23212474584579468, -0.2734891474246979, 0.11301667243242264], [0.14305177330970764, -0.02662280760705471, 0.036826469004154205], [-0.19408917427062988, -0.18783992528915405, 0.34957051277160645], [0.11733882129192352, 0.13155438005924225, 0.11109582334756851], [-0.1675829291343689, -0.14989402890205383, 0.5162766575813293]]
