betas: [[-0.26576805114746094, 0.2503129839897156, -0.6204037666320801, -0.48803770542144775, -0.8108533024787903, -0.08573924005031586, -0.6600449681282043, -0.024669311940670013, -0.3472882807254791, -0.026393136009573936, -0.9971655607223511, 0.4320084750652313, 0.042051106691360474, -0.553851306438446, -0.33546751737594604, -0.24599581956863403, 0.19228164851665497, -0.5222351551055908, -0.46521347761154175, 0.2768081724643707, 0.35272037982940674, 0.24075491726398468, -0.1414404660463333, 0.14644217491149902, -0.3974626362323761, -0.2220660299062729, 0.27376893162727356, -0.14041675627231598, 0.18580517172813416, 0.2864264249801636, -0.06726770848035812, -0.2626948058605194, -0.31687790155410767, 0.1564805656671524, -0.4013575315475464, 0.699938178062439, -0.07696891576051712, -0.06465329229831696, -0.2747734487056732, 0.36318355798721313, 0.7356281280517578, -0.06418122351169586, -0.35006222128868103, -0.12217367440462112, -0.3821635842323303, -0.3938697576522827, 0.04421774297952652, -0.3465067446231842, 0.4869077801704407, 0.40618497133255005, 0.28786879777908325, 0.24319785833358765, 0.16914814710617065, -0.40113770961761475, -0.5633825659751892, 0.04729630798101425, -0.38147860765457153, -0.28549501299858093, -0.6722367405891418, 0.4288671612739563, -0.38492998480796814, 0.7182577848434448, -0.055828340351581573, 0.10665129125118256, -0.5703693628311157, -0.06693848222494125, 0.5624440312385559, 0.20693573355674744, 0.44649940729141235, 0.09981892257928848, 0.19786430895328522, -0.38034817576408386, -0.5010181069374084, -0.05069849267601967, 0.41407743096351624, -0.11098212003707886, -0.3445347845554352, -0.1868150681257248, 0.3667996823787689, 0.17439864575862885, 0.09230261296033859, -0.26449987292289734, 0.12281844019889832, -0.437065452337265, -0.22830617427825928, 0.052115458995103836, 0.26565495133399963, 0.19469322264194489, 0.02124958671629429, -0.4130637049674988, -0.33904942870140076, -0.6201537251472473, -0.2048449069261551, 0.22802375257015228, -0.24402505159378052, -0.12984012067317963, 0.28788647055625916, 0.38109806180000305, 0.3940461575984955, -0.40202125906944275, 0.2663207948207855, -0.2372421771287918, 0.3321906626224518, -0.3399748206138611, -0.04888785257935524, 0.1303403526544571, 0.4282088577747345, 0.47654733061790466, 0.26560503244400024, 0.14420954883098602, -0.3666936755180359, -0.31196749210357666, -0.16618463397026062, 0.31780290603637695, -0.22526982426643372, -0.040966980159282684, -0.06593512743711472, -0.5730739235877991, -0.5204305648803711, -0.263253390789032, -0.4005638062953949, -0.0865698754787445, -0.06828838586807251, -0.007611796259880066, 0.08741271495819092, -0.2492896169424057, -0.14043965935707092, 0.4067252576351166, 0.03207693248987198, -0.14101921021938324, 0.06255748867988586, 0.4105890989303589, 0.20684228837490082, -0.02764095924794674, 0.19843333959579468, -0.024636151269078255, 0.39274224638938904, 0.20566250383853912, -0.06650924682617188, 0.3907119631767273, -0.46630939841270447, 0.36146196722984314, 0.06334782391786575, -0.18355482816696167, -0.03661336004734039, -0.12097930908203125, 0.14377473294734955, 0.3017093241214752, -0.46859750151634216, 0.047945961356163025, -0.13321779668331146, -0.030249247327446938, 0.27586275339126587, 0.26245051622390747, 0.5175580382347107, -0.47591084241867065, 0.14513640105724335, -0.26290562748908997, 0.3449031114578247, 0.06861051172018051, 0.04831395298242569, 0.06288986653089523, -0.3276403546333313, -0.09994107484817505, -0.25679245591163635, -0.32665935158729553, -0.4783238172531128, -0.16211381554603577, 0.1680581420660019, -0.017478041350841522, 0.3329385817050934, 0.15070070326328278, 0.43199723958969116, 0.2623595893383026, -0.3826873302459717, -0.13558927178382874, 0.07521676272153854, 0.23116891086101532, 0.14121820032596588, 0.44305962324142456, -0.3826294541358948, -0.19727347791194916, -0.06921584904193878, -0.15177492797374725, -0.5523458123207092, -0.27378085255622864, 0.2252333015203476, 0.3140552341938019, 0.1756894886493683, 0.2216285616159439, -0.0855042114853859, 0.3510808050632477, 0.16081927716732025, -0.22410449385643005, -0.16610340774059296, 0.08359899371862411, 0.5610209107398987, -0.3988426923751831, -0.03161352872848511, 0.217481791973114]]
body_pose: [[[-0.3475514352321625, 0.042326364666223526, 0.09491922706365585], [-0.027445269748568535, -0.07688553631305695, -0.07044459134340286], [0.173601433634758, 0.008694221265614033, -0.004020593129098415], [0.26379042863845825, 0.045606691390275955, -0.04007090628147125], [0.5968945622444153, 0.031257402151823044, 0.09460990130901337], [-0.07345882058143616, -0.005682809744030237, -0.0396643728017807], [-0.16120724380016327, 0.2710588574409485, -0.36371901631355286], [-0.18826058506965637, -0.2021438181400299, 0.14716170728206635], [0.024866167455911636, 0.005378284957259893, -0.0387103371322155], [-0.0079297861084342, 0.029109707102179527, 0.03781379386782646], [0.0036098570562899113, -0.06992809474468231, -0.028391407802700996], [-0.153092160820961, -0.07578472048044205, 0.03629361838102341], [-0.00323306187056005, 0.022503389045596123, -0.4241860806941986], [-0.026739822700619698, 0.045105308294296265, 0.19360853731632233], [0.16448627412319183, 0.15983860194683075, 0.029560651630163193], [0.1291901171207428, -0.21152207255363464, -0.8794406056404114], [-0.03569208085536957, 0.27124282717704773, 0.8691043853759766], [-0.05087435618042946, -0.7009797692298889, -0.022910604253411293], [-0.06663800776004791, 1.1116862297058105, -0.11009705811738968], [-0.005831774324178696, -0.1877482384443283, 0.11059164255857468], [0.05662735551595688, 0.029030591249465942, -0.41364941000938416]]]
bodypose_mat: [[[[0.994658350944519, -0.10012608021497726, 0.025089580565690994], [0.08557610213756561, 0.9358077645301819, 0.3419656753540039], [-0.057718705385923386, -0.33799195289611816, 0.9393774271011353]], [[0.994568407535553, 0.0713622197508812, -0.07577088475227356], [-0.06925410777330399, 0.9971449375152588, 0.03009757772088051], [0.07770238816738129, -0.024686651304364204, 0.9966709613800049]], [[0.9999542236328125, 0.00475313002243638, 0.008302371948957443], [-0.0032476040069013834, 0.9849611520767212, -0.17274555563926697], [-0.008998596109449863, 0.17271070182323456, 0.9849315285682678]], [[0.998168408870697, 0.0455620214343071, 0.03979881480336189], [-0.033604688942432404, 0.9646212458610535, -0.26148903369903564], [-0.050304755568504333, 0.2596726715564728, 0.9643855690956116]], [[0.9951856136322021, -0.07989273220300674, 0.05676904320716858], [0.09798762947320938, 0.8228884339332581, -0.5596901178359985], [-0.0019994168542325497, 0.5625582337379456, 0.8267552256584167]], [[0.999197781085968, 0.039826713502407074, -0.004220181610435247], [-0.03940950334072113, 0.9965173006057739, 0.07348577678203583], [0.007132180500775576, -0.07326049357652664, 0.9972874522209167]], [[0.8990894556045532, 0.32840248942375183, 0.2894649803638458], [-0.37126171588897705, 0.9223769903182983, 0.10670235753059387], [-0.23195454478263855, -0.20340223610401154, 0.9512227177619934]], [[0.9689949750900269, -0.12589773535728455, -0.2125992774963379], [0.16364380717277527, 0.9716830253601074, 0.17044903337955475], [0.18511994183063507, -0.1999548077583313, 0.9621583819389343]], [[0.9992363452911377, 0.03876334801316261, 0.00489515857771039], [-0.03862963616847992, 0.9989417791366577, -0.024961352348327637], [-0.00585756404325366, 0.02475319616496563, 0.9996763467788696]], [[0.9988616108894348, -0.037914443761110306, 0.028948456048965454], [0.037683650851249695, 0.9992537498474121, 0.00847695954144001], [-0.029248252511024475, -0.00737642589956522, 0.9995449781417847]], [[0.9971534013748169, 0.028238248080015182, -0.06991279125213623], [-0.028490552678704262, 0.9995906352996826, -0.0026142168790102005], [0.06981035321950912, 0.0045986296609044075, 0.9975497126579285]], [[0.9964787364006042, -0.030323129147291183, -0.07817119359970093], [0.04189572483301163, 0.9876542687416077, 0.15094345808029175], [0.07262901961803436, -0.15368695557117462, 0.9854468703269958]], [[0.9111284613609314, 0.41150736808776855, 0.022508136928081512], [-0.41157907247543335, 0.911372721195221, -0.0015647695399820805], [-0.021157216280698776, -0.007838170975446701, 0.9997454285621643]], [[0.9803068041801453, -0.1929139345884323, 0.042223598808050156], [0.19171185791492462, 0.9809643626213074, 0.030912645161151886], [-0.04738331958651543, -0.022209109738469124, 0.9986299276351929]], [[0.9868476390838623, -0.016210729256272316, 0.16083812713623047], [0.042385030537843704, 0.9860973358154297, -0.1606721580028534], [-0.15599742531776428, 0.16537608206272125, 0.9738149046897888]], [[0.6186009049415588, 0.7493429183959961, -0.23625877499580383], [-0.7748204469680786, 0.6316776275634766, -0.025232898071408272], [0.13033127784729004, 0.19866721332073212, 0.9713625907897949]], [[0.613433837890625, -0.7582597732543945, 0.22077345848083496], [0.7492300868034363, 0.6471505165100098, 0.14089155197143555], [-0.24970607459545135, 0.07898247241973877, 0.9650951027870178]], [[0.7640203833580017, 0.0381767712533474, -0.6440614461898804], [-0.003960389643907547, 0.9985065460205078, 0.05448848009109497], [0.645179808139801, -0.039079584181308746, 0.7630305290222168]], [[0.43848103284835815, 0.055180590599775314, 0.897044837474823], [-0.12184519320726395, 0.9925479888916016, -0.0014966652961447835], [-0.8904426693916321, -0.10864435136318207, 0.4419369697570801]], [[0.9763538837432861, -0.10917266458272934, -0.1865861862897873], [0.11026323586702347, 0.9938920140266418, -0.00455494923517108], [0.18594378232955933, -0.016126355156302452, 0.9824280738830566]], [[0.9152733087539673, 0.4024893045425415, 0.01664852537214756], [-0.4008692502975464, 0.9141085147857666, -0.06090579926967621], [-0.03973248973488808, 0.04907156527042389, 0.9980047345161438]]]]
global_orient: [[[3.1023457050323486, 0.013924440369009972, 0.20880313217639923]]]
globalorient_mat: [[[[0.9909433722496033, 0.0067720068618655205, 0.13410957157611847], [0.01109547633677721, -0.9994416832923889, -0.03151724115014076], [0.1338212490081787, 0.03271981328725815, -0.9904652237892151]]]]
transl: [[0.01676981896162033, 0.25148671865463257, 0.017251787707209587]]
expression: [[-0.4479406774044037, -0.059793777763843536, 0.20813843607902527, -0.1775025725364685, -0.36249250173568726, -0.5275623202323914, -0.2341277152299881, 0.3037572503089905, 0.2218995988368988, -0.08808186650276184, 0.11177892982959747, 0.4164731502532959, 0.2547258734703064, -0.36483100056648254, 0.3196232318878174, -0.012533677741885185, -0.18046724796295166, 0.017619410529732704, -0.1431073099374771, 0.12523497641086578, -0.04860655963420868, -0.008935436606407166, -0.08998683094978333, -0.0903182402253151, -0.1263994425535202, 0.07323084026575089, 0.009181179106235504, 0.09788869321346283, -0.03482108563184738, -0.09219348430633545, -0.03892466425895691, -0.1319529116153717, -0.0008974863449111581, 0.029757291078567505, 0.11711251735687256, 0.03767271339893341, 0.05587863177061081, -0.03302603214979172, -0.03742945194244385, -0.08117547631263733, -0.06919706612825394, 0.022095847874879837, -0.009762199595570564, -0.019534997642040253, -0.05521412938833237, 0.03993352875113487, 0.004708625376224518, 0.11981610953807831, 0.02176615409553051, -0.04049030318856239]]
jaw_pose: [[[0.03927398473024368, 0.0027533993124961853, -0.0005884935380890965]]]
left_hand_pose: [[[0.08097296953201294, 0.07617466151714325, -0.15269187092781067], [0.06645603477954865, -0.0926443561911583, -0.06307294964790344], [-0.07289158552885056, 0.03983026370406151, 0.045354172587394714], [0.2415669858455658, -0.05857190489768982, -0.2186025232076645], [-0.21131417155265808, 0.05612519383430481, -0.06223683804273605], [0.01568666286766529, -0.036983098834753036, 0.05616091564297676], [0.12134115397930145, -0.13656757771968842, -0.3423639237880707], [0.01680770143866539, 0.06102260574698448, -0.13631556928157806], [-0.0767350047826767, -0.08788903057575226, 0.40564945340156555], [0.23655228316783905, -0.08366767317056656, -0.24164292216300964], [-0.1409786194562912, 0.06648299843072891, 0.020931238308548927], [-0.059961047023534775, -0.22172661125659943, -0.007719084620475769], [0.648405134677887, 0.20579805970191956, 0.006831752136349678], [-0.496549516916275, 0.11376400291919708, -0.19353286921977997], [0.39724573493003845, -0.026883263140916824, -0.03274077549576759]]]
right_hand_pose: [[[-0.011633957736194134, -0.07372192293405533, 0.6190323829650879], [0.22188687324523926, 0.08509087562561035, 0.6842703223228455], [-0.1308714747428894, 0.1125127524137497, 0.18153440952301025], [-0.0330885648727417, 0.04555044695734978, 0.8163606524467468], [-0.20944471657276154, 0.03197292983531952, 0.48402896523475647], [-0.026485780254006386, 0.10721663385629654, 0.3737032413482666], [-0.010857624933123589, 0.2804212272167206, 0.5841202735900879], [-0.4378882944583893, 0.13020962476730347, 0.3625922203063965], [-0.22473901510238647, 0.1857134848833084, 0.1247592642903328], [0.04846036806702614, 0.1040898784995079, 0.710059404373169], [-0.37719833850860596, 0.12319529056549072, 0.4955146014690399], [-0.17748554050922394, 0.1992911398410797, 0.4359317719936371], [0.6084113717079163, 0.005322066135704517, -0.13760636746883392], [-0.46709007024765015, -0.07404179871082306, 0.3560958504676819], [0.5402516722679138, -0.2994043231010437, 0.051318734884262085]]]
scale: [[1.0221725702285767]]
smpl_joints: [[0.018436575308442116, -0.09260820597410202, -0.028148284181952477], [0.06826608628034592, 0.000997514696791768, -0.05653403699398041], [-0.04334060475230217, 0.01195293478667736, -0.03576919063925743], [0.012767345644533634, -0.20298853516578674, -0.05915519967675209], [0.17530390620231628, 0.3523923456668854, 0.06148668751120567], [-0.1171606034040451, 0.37117549777030945, -0.02240125648677349], [0.025277402251958847, -0.3369494378566742, -0.04962439462542534], [0.15046143531799316, 0.7592129111289978, 0.08728362619876862], [-0.11173876374959946, 0.7173413038253784, -0.2492998093366623], [0.021365642547607422, -0.3897026479244232, -0.02091861516237259], [0.2339175045490265, 0.8029932379722595, 0.1929691582918167], [-0.159737229347229, 0.8182007670402527, -0.16393621265888214], [0.022966526448726654, -0.5520393252372742, -0.03139205649495125], [0.0749477818608284, -0.46840009093284607, -0.02529130131006241], [-0.01776256039738655, -0.4769653379917145, -0.01736384816467762], [0.057579681277275085, -0.7072354555130005, -0.023502804338932037], [0.20016168057918549, -0.457776814699173, -0.06331662833690643], [-0.12507373094558716, -0.5166364908218384, -0.0073042078875005245], [0.17291361093521118, -0.19202227890491486, -0.10505545884370804], [-0.23795174062252045, -0.2666095495223999, 0.03924500197172165], [0.2165795862674713, 0.0007322114543057978, 0.062228281050920486], [-0.2360457330942154, -0.20095902681350708, 0.2861153185367584], [0.22930577397346497, 0.13300354778766632, 0.20168253779411316], [-0.21589143574237823, -0.15300734341144562, 0.4350830614566803]]
