betas: [[-0.13831113278865814, 0.21661508083343506, -0.5369407534599304, -0.5267348885536194, -0.9473957419395447, -0.10510428249835968, -0.517957866191864, 0.0030781857203692198, -0.37225329875946045, -0.21241723001003265, -0.8002404570579529, 0.6095172166824341, -0.2976264953613281, -0.5985537171363831, -0.2182949334383011, -0.36821773648262024, 0.17588931322097778, -0.45394784212112427, -0.4616447687149048, 0.23594382405281067, 0.5360305309295654, 0.06728808581829071, -0.7212816476821899, 0.1427120417356491, -0.25512605905532837, -0.2228219360113144, 0.3999517261981964, -0.10699952393770218, 0.4295022487640381, 0.0816081091761589, 0.0026916477363556623, -0.08393630385398865, 0.20807810127735138, 0.01849474385380745, -0.5569317936897278, 0.542975664138794, -0.31646180152893066, 0.22726741433143616, -0.1344374716281891, 0.1622137427330017, 0.9243096709251404, -0.3554280996322632, -0.4502946436405182, -0.29079627990722656, -0.47921988368034363, -0.34613659977912903, -0.13043856620788574, 0.18944771587848663, 0.6404916048049927, 0.3894656300544739, 0.12649977207183838, 0.12708397209644318, 0.10659024864435196, 0.07259952276945114, -0.5071280002593994, -0.12112221866846085, -0.2051515132188797, -0.5412622690200806, -0.5289758443832397, 0.5761622190475464, -0.3093574643135071, 1.051369309425354, -0.06922655552625656, -0.11281275004148483, -0.49606871604919434, 0.16161637008190155, 0.6510604023933411, 0.008272630162537098, 0.7305140495300293, 0.14623358845710754, -0.01731959730386734, -0.32621803879737854, -0.2309758961200714, 0.0024064965546131134, 0.43053197860717773, -0.1420324146747589, -0.020787619054317474, 0.19736944139003754, 0.26253941655158997, 0.28335025906562805, 0.18313677608966827, -0.24527466297149658, 0.21431906521320343, -0.2732677757740021, -0.07766920328140259, 0.47897568345069885, -0.004310205578804016, 0.15493007004261017, -0.2131703495979309, -0.510333776473999, -0.33043697476387024, -0.9830378293991089, -0.13954462110996246, 0.27515465021133423, -0.13571763038635254, -0.14591045677661896, 0.2764860987663269, 0.49171796441078186, 0.14860007166862488, -0.04084852710366249, 0.37878018617630005, -0.3598823547363281, 0.4954863488674164, -0.3628256022930145, 0.050685759633779526, 0.26124757528305054, 0.3476576507091522, 0.24510595202445984, 0.04879045858979225, -0.1573883295059204, -0.3316880166530609, -0.5161107778549194, 0.054437603801488876, 0.24281254410743713, 0.021798990666866302, -0.26504960656166077, 0.29875242710113525, -0.5734987854957581, -0.5491383671760559, -0.13786572217941284, -0.2672464847564697, 0.10598303377628326, -0.07853443175554276, -0.43224772810935974, -0.18340562283992767, -0.1946771740913391, 0.17934447526931763, 0.5030778050422668, 0.24579571187496185, 0.015185212716460228, 0.17333094775676727, 0.33435606956481934, 0.22756920754909515, -0.2098904252052307, 0.08538588881492615, -0.0810675173997879, 0.3046550154685974, 0.013099557720124722, -0.11466376483440399, 0.33757972717285156, -0.4289226830005646, 0.43795865774154663, 0.008357725106179714, 0.027375418692827225, 0.03483965992927551, -0.5135186910629272, 0.19591590762138367, -0.004128411877900362, -0.6443349123001099, 0.04615912586450577, -0.3241339325904846, 0.0238594189286232, 0.18368780612945557, 0.23477880656719208, 0.5720977783203125, -0.3412528336048126, 0.04391901567578316, -0.2899719476699829, 0.2646943926811218, -0.04614166170358658, -0.12646803259849548, -0.022605953738093376, -0.6518980860710144, 0.1523810625076294, -0.14849768579006195, -0.11797859519720078, -0.13032564520835876, -0.06585478782653809, 0.09778518229722977, -0.2477114498615265, 0.15939193964004517, 0.07172302156686783, 0.331419438123703, -0.0384153351187706, -0.18117541074752808, -0.23586928844451904, -0.020486313849687576, 0.23322932422161102, 0.07208345830440521, -0.014214062131941319, -0.4516730010509491, 0.30054357647895813, 0.3433752655982971, -0.39286670088768005, -0.47736138105392456, -0.4433465301990509, 0.184491828083992, 0.15825068950653076, 0.0001767684443620965, 0.47789883613586426, -0.2571691870689392, 0.3603677451610565, 0.12898297607898712, -0.5645407438278198, 0.013695040717720985, 0.0643283799290657, 0.5024209022521973, -0.28372102975845337, -0.02781049534678459, 0.09468914568424225]]
body_pose: [[[-0.2657656967639923, 0.12317680567502975, 0.1895962357521057], [0.08203232288360596, -0.13989880681037903, -0.13234379887580872], [0.0908760204911232, 0.08803168684244156, -0.0324106439948082], [0.27137845754623413, 0.033655859529972076, -0.04984689876437187], [0.6302716732025146, 0.09425225108861923, 0.08964834362268448], [-0.018479114398360252, 0.0276249460875988, -0.045960985124111176], [-0.25181418657302856, 0.2520897388458252, -0.4069982171058655], [-0.1586030125617981, -0.18198326230049133, 0.07933397591114044], [0.01868445985019207, 0.03511177748441696, -0.045467957854270935], [-0.17238076031208038, 0.03890717774629593, 0.17428429424762726], [-0.10320062190294266, -0.1331871896982193, -0.2417672872543335], [-0.09771467745304108, -0.06892134994268417, 0.058341845870018005], [-0.08848327398300171, 0.110138900578022, -0.41190120577812195], [-0.07563701272010803, 0.0731235146522522, 0.15718908607959747], [0.13880236446857452, 0.14164197444915771, 0.020632464438676834], [0.364797979593277, -0.15594308078289032, -0.9269706010818481], [-0.04563996195793152, 0.2363850176334381, 0.8422467708587646], [0.419421523809433, -0.8154767751693726, 0.017510192468762398], [-0.112897589802742, 0.875925600528717, -0.07413709908723831], [0.10736238956451416, -0.014386153779923916, 0.046360671520233154], [-0.0650581493973732, 0.014858206734061241, -0.46595215797424316]]]
bodypose_mat: [[[[0.9746986031532288, -0.20197506248950958, 0.09575299173593521], [0.16956967115402222, 0.9472494125366211, 0.27196452021598816], [-0.14563201367855072, -0.24884666502475739, 0.9575315117835999]], [[0.9815243482589722, 0.12566226720809937, -0.1442878693342209], [-0.13709665834903717, 0.9879220724105835, -0.07221096754074097], [0.13347098231315613, 0.09065820276737213, 0.9868974685668945]], [[0.9956062436103821, 0.03631287440657616, 0.08631102740764618], [-0.028324272483587265, 0.9953521490097046, -0.09204241633415222], [-0.08925219625234604, 0.08919330686330795, 0.9920073747634888]], [[0.9982028603553772, 0.05374488607048988, 0.026503881439566612], [-0.044670071452856064, 0.9621790051460266, -0.2687307596206665], [-0.03994438052177429, 0.2670638859272003, 0.9628506302833557]], [[0.9918277859687805, -0.05489588528871536, 0.11516940593719482], [0.11227824538946152, 0.804258406162262, -0.5835769176483154], [-0.0605899803340435, 0.5917388796806335, 0.803849458694458]], [[0.9985625743865967, 0.045681171119213104, 0.02803467959165573], [-0.046191517263650894, 0.9987733960151672, 0.017834540456533432], [-0.027185587212443352, -0.019103871658444405, 0.9994478225708008]], [[0.8881688714027405, 0.3564647138118744, 0.28998106718063354], [-0.4184116721153259, 0.8882365226745605, 0.18965089321136475], [-0.18996793031692505, -0.28977346420288086, 0.9380530118942261]], [[0.9803999066352844, -0.06412894278764725, -0.1862887740135193], [0.09283707290887833, 0.9843600392341614, 0.14972181618213654], [0.17377370595932007, -0.16408175230026245, 0.9710200428962708]], [[0.9983503818511963, 0.04576823115348816, 0.0346657857298851], [-0.04511239007115364, 0.9987921118736267, -0.01947108656167984], [-0.03551506996154785, 0.01787511259317398, 0.9992092251777649]], [[0.9841372966766357, -0.17583660781383514, 0.023564262315630913], [0.16916410624980927, 0.9701088070869446, 0.173989400267601], [-0.053453605622053146, -0.16724322736263275, 0.984465479850769]], [[0.9621797204017639, 0.24510613083839417, -0.11888259649276733], [-0.2314603179693222, 0.9656983613967896, 0.11769738793373108], [0.14365309476852417, -0.0857294499874115, 0.9859077334403992]], [[0.9959290623664856, -0.054807525128126144, -0.07156442105770111], [0.06153222173452377, 0.9935336112976074, 0.09541910886764526], [0.06587196886539459, -0.09943418204784393, 0.9928614497184753]], [[0.910530686378479, 0.39421024918556213, 0.12462799996137619], [-0.40380266308784485, 0.912647545337677, 0.06338627636432648], [-0.08875392377376556, -0.10804026573896408, 0.9901767373085022]], [[0.985016942024231, -0.15901069343090057, 0.0667613297700882], [0.15349629521369934, 0.9848306179046631, 0.08091682195663452], [-0.07861524075269699, -0.06945683062076569, 0.9944823980331421]], [[0.9897897243499756, -0.01069843303412199, 0.14213252067565918], [0.030293626710772514, 0.9901866316795349, -0.1364281326532364], [-0.13927817344665527, 0.13934089243412018, 0.9804006218910217]], [[0.5943880677223206, 0.7515796422958374, -0.2860609292984009], [-0.8038081526756287, 0.5444622039794922, -0.23969434201717377], [-0.0244000181555748, 0.37240952253341675, 0.9277476668357849]], [[0.6412212252616882, -0.7436478137969971, 0.18927061557769775], [0.733531653881073, 0.6664420962333679, 0.13336527347564697], [-0.2253146767616272, 0.053319353610277176, 0.9728260040283203]], [[0.6900210976600647, -0.17451336979866028, -0.7024357318878174], [-0.14420054852962494, 0.9178956151008606, -0.3696942925453186], [0.7092792391777039, 0.35638847947120667, 0.6082023978233337]], [[0.638266921043396, 0.018513627350330353, 0.7695925831794739], [-0.11109757423400879, 0.9914605617523193, 0.06828856468200684], [-0.7617563605308533, -0.1290861815214157, 0.6348732709884644]], [[0.9988232254981995, -0.04702485725283623, -0.011867072433233261], [0.04548210650682449, 0.9931699633598328, -0.10744724422693253], [0.016838708892464638, 0.10678105801343918, 0.9941400289535522]], [[0.8933255672454834, 0.4484608471393585, 0.029194774106144905], [-0.4494097828865051, 0.8913564085960388, 0.059284038841724396], [0.00056362000759691, -0.06608036160469055, 0.9978141784667969]]]]
global_orient: [[[3.034291982650757, -0.010759769007563591, 0.6167164444923401]]]
globalorient_mat: [[[[0.9206749200820923, -0.01581539958715439, 0.39000988006591797], [0.0022010146640241146, -0.9989526271820068, -0.04570462927222252], [0.390324205160141, 0.042937517166137695, -0.9196758270263672]]]]
transl: [[-0.020246664062142372, 0.25001323223114014, -0.0790427178144455]]
expression: [[-0.5148167014122009, -0.05902530997991562, 0.13738621771335602, -0.059926681220531464, -0.4863985478878021, -0.7141456007957458, -0.12969057261943817, 0.2701030969619751, 0.35639965534210205, -0.0797203779220581, 0.10326497256755829, 0.49672871828079224, 0.2263316512107849, -0.33176785707473755, 0.3959258794784546, -0.09319545328617096, -0.2953968346118927, -4.589371383190155e-05, -0.19520539045333862, 0.2200884371995926, -0.03214099258184433, -0.1304139494895935, 0.05683894455432892, -0.09609793871641159, -0.23088926076889038, 0.07301802188158035, -0.038294680416584015, 0.14602309465408325, -0.0213373601436615, -0.13505299389362335, -0.0662490576505661, -0.1787242591381073, -0.01572446897625923, -0.059193167835474014, 0.15597189962863922, 0.06463131308555603, 0.0531318336725235, -0.040862321853637695, -0.04730725660920143, -0.16217628121376038, -0.051074542105197906, -0.022329125553369522, -0.03527690842747688, -0.016097594052553177, -0.11733511090278625, 0.05867989361286163, -0.013305172324180603, 0.20770759880542755, 0.009285641834139824, -0.05605574697256088]]
jaw_pose: [[[0.039567187428474426, 0.0024801006074994802, -0.0002116772811859846]]]
left_hand_pose: [[[0.13062328100204468, 0.24372093379497528, -0.47905123233795166], [0.13980071246623993, -0.094374880194664, -0.84050053358078], [-0.06970247626304626, -0.09414976090192795, -0.1759805679321289], [-0.11529839783906937, 0.14628328382968903, -0.8309227228164673], [-0.18568342924118042, 0.11230634897947311, -0.5311421155929565], [0.0016340696020051837, -0.09527846425771713, -0.24565017223358154], [-0.4652877151966095, -0.3660740256309509, -0.7583391070365906], [-0.21808962523937225, 0.03727594017982483, -0.4553089439868927], [-0.36764657497406006, -0.06430228054523468, -0.02118978090584278], [-0.045556701719760895, -0.09841280430555344, -0.8926749229431152], [-0.3576781451702118, -0.02645200677216053, -0.4023885726928711], [-0.1859208643436432, -0.1282520592212677, -0.29965952038764954], [0.8082368969917297, 0.3399350345134735, 0.042746059596538544], [-0.6476865410804749, 0.10649719834327698, -0.038340866565704346], [0.6107625961303711, 0.12217243760824203, -0.21790921688079834]]]
right_hand_pose: [[[0.03923358395695686, -0.0006702693062834442, 0.5085524916648865], [0.2048667073249817, 0.07281161099672318, 0.40452760457992554], [-0.14830052852630615, 0.05316495522856712, -0.019223421812057495], [0.013855497352778912, 0.08909144997596741, 0.6787978410720825], [-0.17301654815673828, 0.003212417010217905, 0.22846604883670807], [-0.018489638343453407, 0.06581521779298782, 0.15099939703941345], [-0.08789527416229248, 0.25811293721199036, 0.5835748910903931], [-0.26676177978515625, 0.08790569752454758, 0.29477569460868835], [-0.2106405794620514, 0.10388389974832535, -0.11189103126525879], [0.042359549552202225, 0.12141682207584381, 0.6348714828491211], [-0.28331977128982544, 0.05344199761748314, 0.2852567136287689], [-0.15483713150024414, 0.19188843667507172, 0.2445150911808014], [0.7642272114753723, -0.03606734424829483, -0.03539169207215309], [-0.45873820781707764, -0.03587818518280983, 0.3340846598148346], [0.5482111573219299, -0.20296986401081085, 0.02901277132332325]]]
scale: [[1.0231064558029175]]
smpl_joints: [[-0.01794612593948841, -0.09796606004238129, 0.06826689839363098], [0.02411603555083275, -0.004197978414595127, 0.029751572757959366], [-0.07743483781814575, 0.007736635860055685, 0.07919298112392426], [-0.032961249351501465, -0.20862576365470886, 0.03892039135098457], [0.18496522307395935, 0.3493105173110962, 0.06775318086147308], [-0.1767570674419403, 0.36542773246765137, 0.0810798704624176], [-0.021479375660419464, -0.3448866009712219, 0.030517209321260452], [0.18313248455524445, 0.7596396803855896, 0.06086313724517822], [-0.25359463691711426, 0.6814463138580322, -0.17806699872016907], [-0.014575151726603508, -0.39977797865867615, 0.05617046356201172], [0.3018973767757416, 0.7970790266990662, 0.1322375237941742], [-0.28893446922302246, 0.7909928560256958, -0.09457659721374512], [-0.01678023673593998, -0.5625969171524048, 0.03756985813379288], [0.033680956810712814, -0.47734934091567993, 0.026502316817641258], [-0.04934525489807129, -0.48865118622779846, 0.07084717601537704], [0.0204150527715683, -0.7192904353141785, 0.03197773918509483], [0.12659616768360138, -0.46364274621009827, -0.0703994557261467], [-0.14461906254291534, -0.536700963973999, 0.12192139774560928], [0.06054392457008362, -0.20350272953510284, -0.10842108726501465], [-0.23611760139465332, -0.30087700486183167, 0.23912079632282257], [0.11396900564432144, -0.015163804404437542, 0.06303825229406357], [-0.17942820489406586, -0.21529178321361542, 0.4742264449596405], [0.06709664314985275, 0.11852418631315231, 0.1292727142572403], [-0.14391162991523743, -0.16637033224105835, 0.6418775320053101]]
