betas: [[-0.09934613108634949, 0.305175244808197, -0.5799030065536499, -0.5320805907249451, -0.8957322835922241, -0.028017735108733177, -0.53753262758255, -0.1330607831478119, -0.4099089205265045, -0.04187123477458954, -0.8093401789665222, 0.4831305146217346, -0.19520868360996246, -0.5391064286231995, -0.2851612865924835, -0.40698373317718506, 0.16259796917438507, -0.5673938393592834, -0.5251477956771851, 0.17339789867401123, 0.40213125944137573, 0.2444847822189331, -0.3514641225337982, 0.21804657578468323, -0.2844466269016266, -0.07474321871995926, 0.31232699751853943, -0.2207912802696228, 0.29853832721710205, 0.10243651270866394, -0.13269004225730896, 0.1353885531425476, 0.09572499990463257, -0.20418906211853027, -0.3915131688117981, 0.5476431846618652, -0.2058621346950531, -0.0488576702773571, -0.21773359179496765, 0.3370620608329773, 0.6501277089118958, -0.4996154010295868, -0.6354748606681824, -0.12161915749311447, -0.5037704110145569, -0.5207349061965942, -0.3896840810775757, 0.03375770524144173, 0.45045793056488037, 0.40988481044769287, -0.08036443591117859, 0.34093818068504333, -0.08520174771547318, -0.32123491168022156, -0.43279314041137695, -0.12632447481155396, -0.3641693890094757, -0.4682771861553192, -0.41906630992889404, 0.5699933767318726, -0.280840665102005, 0.9257039427757263, -0.061861827969551086, -0.07004094123840332, -0.5840846300125122, 0.19703830778598785, 0.5535445809364319, 0.3684549629688263, 0.6693560481071472, 0.07942897081375122, 0.22965110838413239, -0.30602559447288513, -0.3702298402786255, -0.06250541657209396, 0.3830883204936981, -0.1252472996711731, -0.13295069336891174, 0.07494997978210449, 0.23514683544635773, 0.22040817141532898, -0.035096604377031326, -0.3429110646247864, 0.4313080906867981, -0.4106396734714508, -0.39850473403930664, 0.5560097694396973, 0.11107396334409714, 0.1668311357498169, -0.3522241413593292, -0.463483601808548, -0.37804073095321655, -0.7952873110771179, -0.053232986479997635, 0.35630640387535095, -0.1674095243215561, -0.08932127058506012, 0.33747074007987976, 0.5602507591247559, 0.5018208026885986, -0.10220552980899811, 0.29083138704299927, -0.3403800129890442, 0.519923210144043, -0.3452230989933014, 0.14362168312072754, 0.32918813824653625, 0.38840043544769287, 0.3291381597518921, 0.22009065747261047, -0.23140059411525726, -0.2669304609298706, -0.6219685673713684, -0.1678003966808319, 0.46524617075920105, -0.1253635138273239, -0.16226515173912048, 0.2425525188446045, -0.6459885239601135, -0.467421293258667, -0.01907234638929367, -0.41399723291397095, 0.05420852079987526, -0.160983607172966, -0.19133853912353516, -0.0885629951953888, -0.15378990769386292, 0.03639392554759979, 0.47003042697906494, 0.22732025384902954, -0.019170202314853668, 0.026925692334771156, 0.4406668245792389, 0.14115433394908905, -0.13584911823272705, 0.15933160483837128, 0.045337725430727005, 0.4301934540271759, 0.056819625198841095, -0.2377566248178482, 0.5168014168739319, -0.2992062568664551, 0.49759072065353394, 0.24810361862182617, 0.00037489901296794415, -0.11333278566598892, -0.37803915143013, 0.2477344125509262, 0.058902714401483536, -0.5413677096366882, 0.1461700052022934, -0.09811931103467941, -0.03412988781929016, 0.24905459582805634, 0.4077262282371521, 0.5793203711509705, -0.28951188921928406, 0.07581908255815506, -0.31055834889411926, 0.2654656767845154, 0.06430773437023163, -0.23642542958259583, 0.07549269497394562, -0.5772109627723694, 0.017775001004338264, -0.07951655983924866, -0.3218582570552826, -0.21347878873348236, -0.1396549642086029, 0.23277704417705536, -0.2345563918352127, 0.2771880328655243, 0.343296080827713, 0.4538070559501648, 0.23543749749660492, -0.1804654747247696, -0.3601893484592438, -0.06031937897205353, 0.31206318736076355, 0.09407447278499603, -0.11154794692993164, -0.41079092025756836, 0.04724494740366936, 0.3069932162761688, -0.4296518564224243, -0.5537357330322266, -0.41879862546920776, 0.23580284416675568, 0.25410196185112, -0.11247818171977997, 0.3556908071041107, -0.2716374099254608, 0.6201731562614441, 0.21711592376232147, -0.6109339594841003, 0.018139678984880447, -0.08204491436481476, 0.5502820611000061, -0.3117521405220032, -0.05318325757980347, 0.09903577715158463]]
body_pose: [[[-0.23963604867458344, 0.1343746930360794, 0.16103346645832062], [0.04403795674443245, -0.12232129275798798, -0.12108607590198517], [0.10265834629535675, 0.037563223391771317, -0.022248275578022003], [0.24463902413845062, 0.017751943320035934, -0.044687412679195404], [0.5891768932342529, 0.08490867167711258, 0.07959816604852676], [-0.007384069729596376, 0.021302536129951477, -0.05794550105929375], [-0.21198312938213348, 0.27354761958122253, -0.44918274879455566], [-0.16354423761367798, -0.21142937242984772, 0.12097196280956268], [0.025165902450680733, 0.03328722342848778, -0.05889324098825455], [-0.11988495290279388, 0.027743995189666748, 0.23123164474964142], [-0.10632985830307007, -0.1796199530363083, -0.25105565786361694], [-0.12084416300058365, -0.0957382470369339, 0.04191068932414055], [-0.10537109524011612, 0.09122110903263092, -0.37811538577079773], [-0.04830090329051018, 0.10639191418886185, 0.19804948568344116], [0.16520898044109344, 0.1203591376543045, 0.09399145841598511], [0.384518563747406, -0.22007280588150024, -0.8837066292762756], [-0.06879425048828125, 0.23201538622379303, 0.8962254524230957], [0.3747215270996094, -0.8373203873634338, 0.02773396670818329], [-0.03694630414247513, 0.9339767694473267, -0.10461702197790146], [0.13044850528240204, 0.051496196538209915, 0.062253449112176895], [-0.02411583438515663, 0.04135049507021904, -0.5591236352920532]]]
bodypose_mat: [[[[0.9781910181045532, -0.17429031431674957, 0.11298275738954544], [0.14236050844192505, 0.9586724638938904, 0.24633440375328064], [-0.15124714374542236, -0.22487784922122955, 0.9625768661499023]], [[0.9852268099784851, 0.11776380240917206, -0.12433803826570511], [-0.12313641607761383, 0.9917212724685669, -0.036420416086912155], [0.11901965737342834, 0.05119290575385094, 0.9915714263916016]], [[0.9990479946136475, 0.024128247052431107, 0.036344558000564575], [-0.020276065915822983, 0.9944888949394226, -0.10286296159029007], [-0.038626160472631454, 0.10202811658382416, 0.9940313696861267]], [[0.9988498091697693, 0.046386074274778366, 0.012130718678236008], [-0.04206569492816925, 0.9692372679710388, -0.2425069957971573], [-0.023006489500403404, 0.2417178452014923, 0.9700736999511719]], [[0.9934284090995789, -0.05062858760356903, 0.10264820605516434], [0.09916917979717255, 0.8285157680511475, -0.5511143207550049], [-0.057143520563840866, 0.5576722025871277, 0.8280919194221497]], [[0.998094916343689, 0.05782954767346382, 0.021502681076526642], [-0.0579867959022522, 0.9982945322990417, 0.006762318778783083], [-0.021074945107102394, -0.007996306754648685, 0.9997460246086121]], [[0.8653693795204163, 0.3972706198692322, 0.30546998977661133], [-0.45372089743614197, 0.8799189329147339, 0.14099667966365814], [-0.21277497708797455, -0.2606123387813568, 0.9417048692703247]], [[0.9705439805984497, -0.10207845270633698, -0.21823036670684814], [0.13640916347503662, 0.9794575572013855, 0.1485108882188797], [0.19858761131763458, -0.17390494048595428, 0.9645310640335083]], [[0.9977127909660339, 0.059260789304971695, 0.03251760080456734], [-0.05842345580458641, 0.99795001745224, -0.026123829185962677], [-0.03399905934929848, 0.024164287373423576, 0.9991297125816345]], [[0.9730357527732849, -0.23025013506412506, 0.013646301813423634], [0.2269430011510849, 0.966273307800293, 0.12170810997486115], [-0.04120935872197151, -0.11532941460609436, 0.9924721121788025]], [[0.9527755975723267, 0.25608396530151367, -0.1632165163755417], [-0.2371540665626526, 0.9631615281105042, 0.12679852545261383], [0.18967492878437042, -0.08210308849811554, 0.97840815782547]], [[0.9945504069328308, -0.035960208624601364, -0.09785840660333633], [0.047505028545856476, 0.9918374419212341, 0.11832874268293381], [0.09280451387166977, -0.12233267724514008, 0.9881406426429749]], [[0.9253718852996826, 0.36322274804115295, 0.10842516273260117], [-0.37270545959472656, 0.9239997863769531, 0.08552826195955276], [-0.06911901384592056, -0.11955610662698746, 0.9904184937477112]], [[0.9748398065567017, -0.1988668441772461, 0.10069484263658524], [0.19375064969062805, 0.97931307554245, 0.05836545675992966], [-0.11021874099969864, -0.03738727420568466, 0.9932039380073547]], [[0.9883887767791748, -0.08330023288726807, 0.12707780301570892], [0.10310091078281403, 0.9820118546485901, -0.15818628668785095], [-0.11161495745182037, 0.16945137083530426, 0.9791978001594543]], [[0.6180042028427124, 0.7076722383499146, -0.3424483835697174], [-0.7856236696243286, 0.5722116827964783, -0.23530693352222443], [0.029432740062475204, 0.41445621848106384, 0.9095932841300964]], [[0.6013785600662231, -0.7803580164909363, 0.1714213788509369], [0.7655104994773865, 0.6242146492004395, 0.1560441255569458], [-0.22877401113510132, 0.03738327696919441, 0.9727615118026733]], [[0.6730141043663025, -0.170175239443779, -0.7197864055633545], [-0.12217256426811218, 0.9342252016067505, -0.33510756492614746], [0.7294696569442749, 0.3134702444076538, 0.6079559922218323]], [[0.5899825096130371, 0.0738421306014061, 0.8040322661399841], [-0.10587912797927856, 0.9942857027053833, -0.013622988015413284], [-0.800443708896637, -0.07709293067455292, 0.5944294929504395]], [[0.9967427849769592, -0.058657221496105194, 0.05534685030579567], [0.06536170095205307, 0.9895743131637573, -0.12833748757839203], [-0.04724189639091492, 0.13153700530529022, 0.990185022354126]], [[0.8469167947769165, 0.5297509431838989, 0.045780912041664124], [-0.5307222604751587, 0.8474662899971008, 0.011610070243477821], [-0.03264733403921127, -0.03412971273064613, 0.9988840222358704]]]]
global_orient: [[[3.036147356033325, -0.01852373033761978, 0.5238847732543945]]]
globalorient_mat: [[[[0.9421579837799072, -0.022122744470834732, 0.3344382047653198], [-0.0015533751575276256, -0.998096764087677, -0.06164701282978058], [0.33516550064086914, 0.0575617179274559, -0.9403992295265198]]]]
transl: [[-0.009042885154485703, 0.23820634186267853, -0.01064678281545639]]
expression: [[-0.42110106348991394, -0.02288699895143509, 0.12419512867927551, -0.09499966353178024, -0.5235649347305298, -0.6924100518226624, -0.12122683972120285, 0.28896623849868774, 0.3626420497894287, -0.17735227942466736, 0.17481862008571625, 0.42481285333633423, 0.2600955069065094, -0.37597134709358215, 0.427603542804718, -0.055318258702754974, -0.2698580324649811, 0.035600319504737854, -0.18858873844146729, 0.17494668066501617, -0.0049451794475317, -0.10919059067964554, 0.013907462358474731, -0.11811333149671555, -0.23381629586219788, 0.06732330471277237, -0.011950962245464325, 0.153367280960083, -0.01700596511363983, -0.09768596291542053, -0.05405651777982712, -0.16318976879119873, -0.0004388695815578103, -0.04012374207377434, 0.158275306224823, 0.05170139670372009, 0.05434142053127289, -0.015451662242412567, -0.05811009928584099, -0.1508798897266388, -0.0727967694401741, 0.004813347011804581, -0.002579296473413706, -0.029062505811452866, -0.10686508566141129, 0.04260966181755066, -0.007504619657993317, 0.1978246569633484, 0.01602853648364544, -0.042037639766931534]]
jaw_pose: [[[0.0386761799454689, 0.002862463239580393, -0.0008771927678026259]]]
left_hand_pose: [[[0.11832280457019806, 0.23244480788707733, -0.34230300784111023], [0.11413990706205368, -0.0941162258386612, -0.5289648175239563], [-0.037772879004478455, -0.05906755477190018, -0.08320258557796478], [0.01255546323955059, 0.09617064148187637, -0.6057054400444031], [-0.1779996007680893, 0.07783162593841553, -0.2893082797527313], [0.01168010849505663, -0.0837399885058403, -0.11992304772138596], [-0.25838997960090637, -0.3441756069660187, -0.5822113752365112], [-0.1294427365064621, 0.07615943998098373, -0.27283406257629395], [-0.22223566472530365, -0.07361526787281036, 0.10659032315015793], [0.02311628870666027, -0.10135643929243088, -0.664886474609375], [-0.25862690806388855, -0.003574528731405735, -0.19707977771759033], [-0.13239367306232452, -0.13248811662197113, -0.1530715972185135], [0.6373176574707031, 0.31252217292785645, 0.18425162136554718], [-0.5933143496513367, 0.09955547749996185, -0.0359698049724102], [0.49221765995025635, 0.09736847877502441, -0.09910165518522263]]]
right_hand_pose: [[[-0.022551486268639565, -0.03330153971910477, 0.5602960586547852], [0.2179057002067566, 0.0760226622223854, 0.4042176902294159], [-0.1302160620689392, 0.06258360296487808, -0.06930974125862122], [-0.002175802830606699, 0.13284793496131897, 0.7496877312660217], [-0.18156199157238007, -0.008259156718850136, 0.1484307199716568], [-0.040859468281269073, 0.057379100471735, 0.11759293079376221], [0.08529429882764816, 0.35403719544410706, 0.4543873369693756], [-0.3814009726047516, 0.08238755166530609, 0.28402483463287354], [-0.16922248899936676, 0.14700113236904144, -0.1076292023062706], [0.08984777331352234, 0.1828574389219284, 0.627686619758606], [-0.31737565994262695, 0.06278583407402039, 0.21999509632587433], [-0.15747596323490143, 0.18439196050167084, 0.22041505575180054], [0.6728534698486328, 0.029577711597085, -0.06339848786592484], [-0.4621331989765167, 0.02911091409623623, 0.3819713890552521], [0.49372148513793945, -0.14655666053295135, -0.04094672203063965]]]
scale: [[1.0161834955215454]]
smpl_joints: [[-0.00628564553335309, -0.11063360422849655, -0.0022465696092694998], [0.03889814764261246, -0.017201321199536324, -0.037649646401405334], [-0.06574273109436035, -0.004875295329838991, 0.006041135173290968], [-0.020567961037158966, -0.21978074312210083, -0.034668825566768646], [0.1865532100200653, 0.3385806977748871, 0.010390255600214005], [-0.15319587290287018, 0.3534317910671234, 0.021255528554320335], [-0.010652185417711735, -0.354868620634079, -0.04226861149072647], [0.18205882608890533, 0.7475930452346802, 0.011598828248679638], [-0.21016578376293182, 0.6924509406089783, -0.2103954702615738], [-0.0062821959145367146, -0.4092576205730438, -0.015103664249181747], [0.29268187284469604, 0.7912580370903015, 0.09064003825187683], [-0.24714933335781097, 0.7953692674636841, -0.12049197405576706], [-0.003970635589212179, -0.5716754198074341, -0.03319462388753891], [0.046050913631916046, -0.48587366938591003, -0.03851914778351784], [-0.041177134960889816, -0.4983263611793518, -0.0043083974160254], [0.03668824955821037, -0.7263919115066528, -0.03752034902572632], [0.15074843168258667, -0.4741467237472534, -0.12166542559862137], [-0.14043772220611572, -0.5425969958305359, 0.04075254499912262], [0.11240169405937195, -0.21047015488147736, -0.165205717086792], [-0.22814688086509705, -0.29532280564308167, 0.13139204680919647], [0.1528969556093216, -0.03470592573285103, 0.021572716534137726], [-0.17748762667179108, -0.20744666457176208, 0.3663713037967682], [0.13404741883277893, 0.12300369888544083, 0.10073130577802658], [-0.15439924597740173, -0.1711018979549408, 0.5387685298919678]]
