betas: [[-0.19030699133872986, 0.30375656485557556, -0.5867603421211243, -0.5553944706916809, -0.969280481338501, -0.11028765141963959, -0.5427273511886597, 0.03548640012741089, -0.41395044326782227, -0.20216628909111023, -0.8633338809013367, 0.5477470755577087, -0.26837196946144104, -0.6111360192298889, -0.20597323775291443, -0.33039137721061707, 0.1798674464225769, -0.5111427307128906, -0.44754257798194885, 0.21336621046066284, 0.41293957829475403, 0.04886791855096817, -0.7169361710548401, 0.13700103759765625, -0.23467591404914856, -0.20156431198120117, 0.36624106764793396, -0.09183331578969955, 0.43517550826072693, 0.06821415573358536, 0.0280105322599411, -0.020817674696445465, 0.17504388093948364, 0.05246705189347267, -0.5391368269920349, 0.5290923714637756, -0.29826000332832336, 0.234079048037529, -0.1158321276307106, 0.07794441282749176, 0.9429430365562439, -0.4406490623950958, -0.5050753951072693, -0.23857109248638153, -0.46498334407806396, -0.33045393228530884, -0.15463949739933014, 0.05841116979718208, 0.5893875360488892, 0.3510059714317322, 0.11402708292007446, 0.017119020223617554, 0.012224537320435047, -0.10187523066997528, -0.4699048101902008, -0.1753581017255783, -0.242604061961174, -0.5444495677947998, -0.4779800474643707, 0.5319167375564575, -0.22354058921337128, 1.0299142599105835, -0.010780238546431065, -0.10493209958076477, -0.44419610500335693, 0.17872782051563263, 0.5872756242752075, 0.04796435311436653, 0.7061388492584229, 0.11735836416482925, 0.05439234524965286, -0.315678209066391, -0.2782996892929077, -0.035827286541461945, 0.374375581741333, -0.12940046191215515, -0.07922403514385223, 0.2316926270723343, 0.16603906452655792, 0.272308349609375, 0.2027738094329834, -0.26701971888542175, 0.2656955122947693, -0.30451834201812744, -0.1348082423210144, 0.4771178960800171, 0.01751692220568657, 0.09293930232524872, -0.2681427001953125, -0.49975085258483887, -0.34016159176826477, -0.9301918745040894, -0.07542136311531067, 0.23285634815692902, -0.05989336222410202, -0.1332811564207077, 0.33905458450317383, 0.49859610199928284, 0.13367576897144318, -0.02469170093536377, 0.3755611777305603, -0.27811625599861145, 0.477701872587204, -0.34328919649124146, 0.07972460240125656, 0.2600736618041992, 0.32977843284606934, 0.2564306855201721, -0.004399691708385944, -0.13416476547718048, -0.2995929718017578, -0.5767579674720764, 0.033225130289793015, 0.31215140223503113, 0.003894064575433731, -0.20957443118095398, 0.25597813725471497, -0.5071094036102295, -0.5306131839752197, -0.1629345417022705, -0.27165013551712036, 0.10920970141887665, -0.09299174696207047, -0.477500319480896, -0.19823621213436127, -0.16219408810138702, 0.1864907592535019, 0.44919145107269287, 0.24824422597885132, 0.045704543590545654, 0.11529912054538727, 0.2960051894187927, 0.20747096836566925, -0.19475917518138885, 0.027260703966021538, -0.1407860368490219, 0.31524357199668884, -0.0032702486496418715, -0.14791660010814667, 0.32633548974990845, -0.38877442479133606, 0.4551413357257843, 0.043082743883132935, 0.05438099056482315, 0.03567451238632202, -0.5183333158493042, 0.19630354642868042, -0.016986725851893425, -0.5766007900238037, 0.076212577521801, -0.2912064790725708, 0.030446838587522507, 0.16382944583892822, 0.2576843798160553, 0.6079213619232178, -0.2545642554759979, -0.045925501734018326, -0.2663324773311615, 0.2651795744895935, -0.06548357009887695, -0.12364256381988525, 0.006343113258481026, -0.5972499847412109, 0.08883723616600037, -0.11671098321676254, -0.13391678035259247, -0.0971890538930893, -0.07162006199359894, 0.1038079708814621, -0.2338760793209076, 0.15672729909420013, 0.12302310764789581, 0.2984206974506378, -0.0457952544093132, -0.1482793390750885, -0.2760879397392273, -0.005914573557674885, 0.20802409946918488, 0.12330105900764465, -0.0015422984724864364, -0.3991837799549103, 0.27502039074897766, 0.2900026738643646, -0.4101688861846924, -0.41769173741340637, -0.4250883460044861, 0.19293256103992462, 0.1611657589673996, 0.0038429019041359425, 0.4351743757724762, -0.294714093208313, 0.3534976840019226, 0.1394750475883484, -0.5643473267555237, -0.05141184851527214, -0.019209662452340126, 0.5254318714141846, -0.24742640554904938, -0.022058557718992233, 0.12369173765182495]]
body_pose: [[[-0.26079657673835754, 0.13008110225200653, 0.19641532003879547], [0.08792664855718613, -0.1400730162858963, -0.1323927789926529], [0.09649697691202164, 0.07765428721904755, -0.03287346661090851], [0.2777698040008545, 0.02653404138982296, -0.04182299226522446], [0.6415198445320129, 0.10312765836715698, 0.0927569642663002], [-0.01035227719694376, 0.028071759268641472, -0.04487209394574165], [-0.2394256293773651, 0.25310713052749634, -0.41369539499282837], [-0.12763983011245728, -0.18236292898654938, 0.0636044591665268], [0.021939754486083984, 0.03718120977282524, -0.044755809009075165], [-0.14926522970199585, 0.03895976394414902, 0.20793306827545166], [-0.13620208203792572, -0.14408478140830994, -0.2611430287361145], [-0.10372626036405563, -0.061773575842380524, 0.06308219581842422], [-0.12296663969755173, 0.11637231707572937, -0.4308106601238251], [-0.06594036519527435, 0.07892321795225143, 0.15568898618221283], [0.13798537850379944, 0.11757081747055054, 0.010465648025274277], [0.37552526593208313, -0.20907732844352722, -0.9515188336372375], [-0.054973434656858444, 0.23352015018463135, 0.8546533584594727], [0.5729541778564453, -0.8940455913543701, 0.09396117925643921], [-0.08333694934844971, 0.9038299918174744, -0.11593794077634811], [0.16908028721809387, -0.025608854368329048, -0.03338947147130966], [-0.03978560119867325, 0.02973807603120804, -0.45593541860580444]]]
bodypose_mat: [[[[0.9725344777107239, -0.20918531715869904, 0.10207007080316544], [0.17560836672782898, 0.9472494125366211, 0.2681049406528473], [-0.15276943147182465, -0.24281691014766693, 0.9579674005508423]], [[0.9814952611923218, 0.12526965141296387, -0.14482635259628296], [-0.1375398188829422, 0.9874176979064941, -0.07803275436162949], [0.13322895765304565, 0.09650816023349762, 0.9863753318786621]], [[0.9964494705200195, 0.036525145173072815, 0.0758579894900322], [-0.02904198132455349, 0.994810938835144, -0.09750771522521973], [-0.07902584224939346, 0.09495843946933746, 0.9923396110534668]], [[0.9987815022468567, 0.0449310764670372, 0.02041323110461235], [-0.037609487771987915, 0.9608083963394165, -0.2746501564979553], [-0.03195353224873543, 0.2735477685928345, 0.9613274931907654]], [[0.990720808506012, -0.05433056503534317, 0.12458100914955139], [0.1181478276848793, 0.7973582148551941, -0.5918284058570862], [-0.06718131899833679, 0.6010557413101196, 0.7963784337043762]], [[0.998599648475647, 0.04470508173108101, 0.028290364891290665], [-0.044995613396167755, 0.9989399313926697, 0.00971759483218193], [-0.02782594785094261, -0.010976927354931831, 0.9995526075363159]], [[0.8852355480194092, 0.3642498254776001, 0.28927507996559143], [-0.42338719964027405, 0.8885234594345093, 0.1768311858177185], [-0.19261696934700012, -0.27901262044906616, 0.9407712817192078]], [[0.9814322590827942, -0.051451344043016434, -0.18477949500083923], [0.07462434470653534, 0.9898765683174133, 0.12072908133268356], [0.17669722437858582, -0.13227646052837372, 0.9753363132476807]], [[0.9983077645301819, 0.045134712010622025, 0.036666445434093475], [-0.04431922361254692, 0.9987581968307495, -0.022757386788725853], [-0.03764805942773819, 0.02109384909272194, 0.9990683794021606]], [[0.9777476787567139, -0.2085091918706894, 0.023093855008482933], [0.20272625982761383, 0.9674244523048401, 0.15163110196590424], [-0.05395803600549698, -0.14357523620128632, 0.9881672859191895]], [[0.9559190273284912, 0.2662137448787689, -0.12389158457517624], [-0.24676427245140076, 0.9570138454437256, 0.15242016315460205], [0.15914230048656464, -0.11512930691242218, 0.9805197715759277]], [[0.9961082935333252, -0.05968848243355751, -0.06484930962324142], [0.06608612090349197, 0.9926421642303467, 0.10146038979291916], [0.05831613391637802, -0.10535118728876114, 0.9927236437797546]], [[0.9021950364112854, 0.40856224298477173, 0.1382790356874466], [-0.42261844873428345, 0.9014198184013367, 0.0939994603395462], [-0.08624284714460373, -0.14324511587619781, 0.9859223961830139]], [[0.9848102331161499, -0.15738172829151154, 0.07334782928228378], [0.15219257771968842, 0.9857478141784668, 0.0716843456029892], [-0.0835842713713646, -0.05943246930837631, 0.994726836681366]], [[0.9930527806282043, -0.0023189622443169355, 0.11764585226774216], [0.018497498705983162, 0.9904515147209167, -0.13661479949951172], [-0.11620570719242096, 0.13784189522266388, 0.9836135506629944]], [[0.5670226812362671, 0.7520046830177307, -0.33611637353897095], [-0.8236402869224548, 0.5226320028305054, -0.22016474604606628], [0.010100241750478745, 0.40167737007141113, 0.915725588798523]], [[0.6326230764389038, -0.7527590990066528, 0.18204858899116516], [0.7407429218292236, 0.6567304134368896, 0.14143924415111542], [-0.22602656483650208, 0.045373473316431046, 0.9730637669563293]], [[0.6327728033065796, -0.30991747975349426, -0.7096123695373535], [-0.1556197553873062, 0.8468170762062073, -0.5086091756820679], [0.7585387825965881, 0.43226373195648193, 0.4876135289669037]], [[0.6129970550537109, 0.06531721353530884, 0.7873806953430176], [-0.1355285495519638, 0.990498423576355, 0.02334577962756157], [-0.7783743739128113, -0.12102346122264862, 0.6160249710083008]], [[0.9991168975830078, 0.03106127306818962, -0.028295094147324562], [-0.035380296409130096, 0.9851860404014587, -0.16779962182044983], [0.022663859650492668, 0.16865253448486328, 0.985414981842041]], [[0.8974361419677734, 0.43953752517700195, 0.03761840611696243], [-0.44070008397102356, 0.897092878818512, 0.0317441001534462], [-0.019794486463069916, -0.04506673663854599, 0.9987877607345581]]]]
global_orient: [[[3.0272340774536133, -0.013184363953769207, 0.6360982060432434]]]
globalorient_mat: [[[[0.9154431819915771, -0.01824941486120224, 0.4020332396030426], [0.0015750695019960403, -0.9988012909889221, -0.048924870789051056], [0.40244409441947937, 0.04542117193341255, -0.9143170714378357]]]]
transl: [[-0.022885477170348167, 0.24600531160831451, 0.020210379734635353]]
expression: [[-0.36852845549583435, -0.004001609981060028, 0.1406654417514801, -0.033190302550792694, -0.5608479380607605, -0.7068856358528137, -0.13065113127231598, 0.23179970681667328, 0.3857574760913849, -0.12088578939437866, 0.125033900141716, 0.4571021795272827, 0.2700996994972229, -0.3841507136821747, 0.41686129570007324, -0.078592948615551, -0.3385189175605774, -0.0035334285348653793, -0.18825802206993103, 0.20880945026874542, -0.005115872249007225, -0.12415377050638199, 0.04383084177970886, -0.12945696711540222, -0.25094926357269287, 0.09053878486156464, -0.010636650025844574, 0.1755276769399643, -0.018863074481487274, -0.12171857059001923, -0.07282309234142303, -0.18270662426948547, 0.006167184095829725, -0.04607471451163292, 0.17525698244571686, 0.05561629682779312, 0.05561377853155136, -0.03783859312534332, -0.055707380175590515, -0.15367721021175385, -0.0566127747297287, -0.005384482443332672, -0.0008993321098387241, -0.022054854780435562, -0.12342529743909836, 0.04018354415893555, 0.0017176046967506409, 0.1927352100610733, 0.013444310054183006, -0.042236633598804474]]
jaw_pose: [[[0.040571428835392, 0.0027425747830420732, 6.813272921135649e-05]]]
left_hand_pose: [[[0.09734003990888596, 0.29469799995422363, -0.4817858338356018], [0.17550987005233765, -0.10196605324745178, -0.9780837893486023], [-0.10462118685245514, -0.1395074725151062, -0.2785683274269104], [-0.1332022249698639, 0.20330779254436493, -0.9002998471260071], [-0.21744206547737122, 0.10563487559556961, -0.701275110244751], [0.010275921784341335, -0.143990159034729, -0.3910478353500366], [-0.4270578622817993, -0.3201879858970642, -0.8342210054397583], [-0.3770182728767395, -0.0013161967508494854, -0.535792887210846], [-0.36504772305488586, -0.0906103327870369, -0.17528091371059418], [-0.047871626913547516, -0.0810437873005867, -0.9619646668434143], [-0.4451300799846649, -0.06073012575507164, -0.5983114242553711], [-0.21027407050132751, -0.18862634897232056, -0.4487547278404236], [0.708770751953125, 0.34019404649734497, 0.1324865221977234], [-0.6076771020889282, 0.15446420013904572, -0.058273714035749435], [0.6408451199531555, 0.18324100971221924, -0.23534606397151947]]]
right_hand_pose: [[[0.024518733844161034, -0.02486148476600647, 0.5713335275650024], [0.23969769477844238, 0.06787978857755661, 0.4411768913269043], [-0.17514567077159882, 0.07236641645431519, -0.004976144526153803], [-0.023996476083993912, 0.07195743918418884, 0.7988494038581848], [-0.1559554487466812, 0.016578059643507004, 0.2585592269897461], [-0.01007079053670168, 0.07739023119211197, 0.22023624181747437], [-0.13788804411888123, 0.3276638984680176, 0.658653199672699], [-0.3102205693721771, 0.10812501609325409, 0.3211984932422638], [-0.21727101504802704, 0.09506271034479141, -0.023699546232819557], [0.02218054048717022, 0.1379086673259735, 0.7435057759284973], [-0.3071901500225067, 0.08987235277891159, 0.32599523663520813], [-0.15319623053073883, 0.18014542758464813, 0.309868186712265], [0.7444071769714355, -0.0629630982875824, -0.06055579334497452], [-0.45744672417640686, -0.017764784395694733, 0.3542785346508026], [0.5569139719009399, -0.2152787297964096, -0.013439888134598732]]]
scale: [[1.0322381258010864]]
smpl_joints: [[-0.02048063650727272, -0.10238086432218552, -0.03184943273663521], [0.02154802344739437, -0.008035935461521149, -0.07086917012929916], [-0.07995651662349701, 0.004049315117299557, -0.01969737559556961], [-0.036158736795186996, -0.21342606842517853, -0.06170699745416641], [0.1855533868074417, 0.34638428688049316, -0.0372735857963562], [-0.17964649200439453, 0.3633044958114624, -0.01740558072924614], [-0.02474784664809704, -0.35042065382003784, -0.07010900229215622], [0.1875123679637909, 0.7585418224334717, -0.05007065832614899], [-0.26135149598121643, 0.6770700812339783, -0.28102028369903564], [-0.017313912510871887, -0.4053269326686859, -0.04346296563744545], [0.3080434203147888, 0.7979424595832825, 0.019082872197031975], [-0.2968445420265198, 0.7900965213775635, -0.20071519911289215], [-0.018990565091371536, -0.5693405866622925, -0.06022283062338829], [0.03156090900301933, -0.4834566116333008, -0.07264048606157303], [-0.051968008279800415, -0.49471068382263184, -0.027403628453612328], [0.018067272379994392, -0.7262753844261169, -0.06473474204540253], [0.12290385365486145, -0.4668964743614197, -0.17171476781368256], [-0.14673011004924774, -0.5428488850593567, 0.026037368923425674], [0.054577626287937164, -0.203337624669075, -0.19322896003723145], [-0.23821508884429932, -0.3023291826248169, 0.1386062055826187], [0.10339062660932541, -0.04381842911243439, 0.008491938933730125], [-0.17845292389392853, -0.2206372767686844, 0.3760014772415161], [0.051112689077854156, 0.07487132400274277, 0.0678313747048378], [-0.13158126175403595, -0.17007003724575043, 0.5342168211936951]]
