betas: [[-0.22224988043308258, 0.33927181363105774, -0.6138047575950623, -0.5051818490028381, -0.7525162696838379, -0.10772684216499329, -0.5454824566841125, -0.18257346749305725, -0.46664848923683167, 0.016353381797671318, -0.8014907240867615, 0.44831758737564087, -0.19151397049427032, -0.4669828414916992, -0.33565762639045715, -0.3317784368991852, 0.12178603559732437, -0.6026705503463745, -0.5232712626457214, 0.2651398181915283, 0.36219945549964905, 0.18547748029232025, -0.3055145740509033, 0.19112178683280945, -0.2506812512874603, -0.09798017889261246, 0.2810133099555969, -0.09980408102273941, 0.2961249351501465, 0.03224923834204674, -0.2791234850883484, 0.0030219058971852064, -0.08530289679765701, -0.2072841078042984, -0.30612418055534363, 0.6803260445594788, -0.07582758367061615, -0.18850061297416687, -0.16088493168354034, 0.37670716643333435, 0.4078879654407501, -0.2527525722980499, -0.4905219078063965, 0.09253744035959244, -0.43116727471351624, -0.46119236946105957, -0.1203170120716095, -0.11368808895349503, 0.46010324358940125, 0.49234724044799805, 0.0655454471707344, 0.29972732067108154, -0.022246668115258217, -0.37364792823791504, -0.462103933095932, -0.14194388687610626, -0.3474169373512268, -0.20952168107032776, -0.5949581861495972, 0.39989206194877625, -0.4171261489391327, 0.9107102751731873, -0.0580192394554615, 0.033000823110342026, -0.550555408000946, 0.15685546398162842, 0.5237059593200684, 0.18756505846977234, 0.6205646991729736, 0.1921967715024948, 0.2093793898820877, -0.3734987676143646, -0.3291178047657013, -0.23857936263084412, 0.40695875883102417, -0.12119003385305405, -0.25983789563179016, 0.007981166243553162, 0.29563409090042114, 0.2348484843969345, -0.08423615992069244, -0.41881176829338074, 0.355148583650589, -0.46648111939430237, -0.3458751440048218, 0.5288864970207214, 0.23952807486057281, 0.21458318829536438, -0.31165146827697754, -0.46991854906082153, -0.4431569576263428, -0.8558516502380371, -0.06197463348507881, 0.207117959856987, -0.3546872138977051, -0.12850172817707062, 0.25887539982795715, 0.506597638130188, 0.4337686598300934, -0.35466957092285156, 0.30505332350730896, -0.42984580993652344, 0.4088749885559082, -0.4217059016227722, -0.009264674037694931, 0.1998811662197113, 0.5400988459587097, 0.5146890878677368, 0.25059887766838074, -0.10331955552101135, -0.3529724180698395, -0.5932767987251282, -0.09398920834064484, 0.407412588596344, -0.19617411494255066, -0.16854223608970642, 0.07060007005929947, -0.5349739789962769, -0.5017173290252686, -0.16763722896575928, -0.39926034212112427, 0.10840331763029099, -0.15379005670547485, -0.0011440470116212964, -0.007962668314576149, -0.13371509313583374, 0.10440921783447266, 0.4648710787296295, 0.03029915876686573, -0.07758867740631104, 0.02054346352815628, 0.43116724491119385, 0.16907046735286713, -0.14395160973072052, 0.10859210789203644, 0.02630414254963398, 0.3678470551967621, 0.1044718325138092, -0.08546282351016998, 0.38458797335624695, -0.4430118501186371, 0.47728464007377625, 0.17485539615154266, -0.06618556380271912, 0.007801875472068787, -0.4173756241798401, 0.17122723162174225, 0.2139798104763031, -0.6290733218193054, 0.08016227185726166, -0.18341153860092163, -0.028779080137610435, 0.1927807480096817, 0.3682653605937958, 0.6348736882209778, -0.4204886257648468, 0.2616591453552246, -0.21600742638111115, 0.40704983472824097, 0.06624169647693634, -0.0950717106461525, 0.060370732098817825, -0.5073058009147644, -0.012669505551457405, -0.15236525237560272, -0.21951819956302643, -0.372965008020401, -0.14019760489463806, 0.23038837313652039, -0.08284556865692139, 0.39416006207466125, 0.10398052632808685, 0.5953004360198975, 0.30815914273262024, -0.17880289256572723, -0.21595902740955353, 0.0782308280467987, 0.26672181487083435, 0.2192848175764084, 0.3433311879634857, -0.33345308899879456, -0.18705187737941742, 0.23687933385372162, -0.23761601746082306, -0.499869704246521, -0.44750234484672546, 0.27708956599235535, 0.3214901089668274, 0.017034973949193954, 0.34017401933670044, -0.18730448186397552, 0.6454084515571594, -0.005661717616021633, -0.300813764333725, -0.11564644426107407, 0.3421167731285095, 0.5753551721572876, -0.39549800753593445, -0.13546381890773773, 0.18865598738193512]]
body_pose: [[[-0.26712679862976074, 0.09895212203264236, 0.1246865764260292], [0.036142025142908096, -0.10555201023817062, -0.09744355827569962], [0.12479102611541748, 0.0189290102571249, -0.005850734189152718], [0.2407819628715515, 0.01306670531630516, -0.04529905691742897], [0.5751896500587463, 0.058611564338207245, 0.07676928490400314], [-0.0109986187890172, 0.005822561681270599, -0.052581436932086945], [-0.185035839676857, 0.28098100423812866, -0.4230806827545166], [-0.12812921404838562, -0.16879859566688538, 0.12218548357486725], [0.03229279816150665, 0.013328172266483307, -0.05062899366021156], [-0.07067462056875229, 0.012830212712287903, 0.04645523801445961], [-0.053304873406887054, -0.09537200629711151, -0.058187127113342285], [-0.15519726276397705, -0.09525784105062485, 0.03006451576948166], [-0.06131662800908089, 0.09282847493886948, -0.4412592649459839], [-0.014878367073833942, 0.1120460256934166, 0.20910581946372986], [0.18874457478523254, 0.14645178616046906, 0.08145293593406677], [0.31467679142951965, -0.12767432630062103, -0.8680791854858398], [-0.035109084099531174, 0.24611318111419678, 0.8827465176582336], [0.11818286776542664, -0.7466845512390137, -0.01964428648352623], [-0.017987575381994247, 1.0326740741729736, -0.10070749372243881], [0.17756682634353638, 0.04410359263420105, -0.022658534348011017], [-0.06393294036388397, 0.03748227283358574, -0.48687782883644104]]]
bodypose_mat: [[[[0.9874327182769775, -0.13579706847667694, 0.08084530383348465], [0.10957661271095276, 0.9568972587585449, 0.2689620554447174], [-0.11388491094112396, -0.2567231357097626, 0.9597518444061279]], [[0.9897006750106812, 0.09518364816904068, -0.10692411661148071], [-0.09899153560400009, 0.9946091771125793, -0.03087671473622322], [0.10340873897075653, 0.04114328324794769, 0.9937877655029297]], [[0.9998039603233337, 0.007014692761003971, 0.018514107912778854], [-0.004655664786696434, 0.9922067523002625, -0.12451454252004623], [-0.019243258982896805, 0.1244039461016655, 0.9920449256896973]], [[0.9988942742347717, 0.04641116410493851, 0.007509704679250717], [-0.0432807020843029, 0.970136284828186, -0.23866790533065796], [-0.018362294882535934, 0.23807893693447113, 0.9710723161697388]], [[0.9954662919044495, -0.0561063252389431, 0.0768042579293251], [0.08887419104576111, 0.8363507390022278, -0.5409425497055054], [-0.03388499468564987, 0.5453159809112549, 0.8375453948974609]], [[0.998600959777832, 0.05252384766936302, 0.00610882043838501], [-0.05258786305785179, 0.9985575079917908, 0.010840225033462048], [-0.005530637688934803, -0.011146309785544872, 0.9999225735664368]], [[0.8741360902786255, 0.37740761041641235, 0.305695116519928], [-0.42814549803733826, 0.8959531784057617, 0.11815015971660614], [-0.2292977124452591, -0.23416131734848022, 0.9447703957557678]], [[0.9783968925476074, -0.1102103441953659, -0.17490895092487335], [0.13173073530197144, 0.9844047427177429, 0.1165941059589386], [0.15933135151863098, -0.1371162086725235, 0.9776566028594971]], [[0.9986300468444824, 0.05081219971179962, 0.012502550147473812], [-0.050381939858198166, 0.9981974959373474, -0.0326097272336483], [-0.014136986806988716, 0.03193514421582222, 0.9993900060653687]], [[0.9988394379615784, -0.046851709485054016, 0.011173968203365803], [0.04594550281763077, 0.9964256882667542, 0.0708862915635109], [-0.014455173164606094, -0.07029061764478683, 0.99742192029953]], [[0.9937672019004822, 0.06057729944586754, -0.09357978403568268], [-0.05549999326467514, 0.9968903660774231, 0.05594002082943916], [0.09667748212814331, -0.05039767920970917, 0.994038999080658]], [[0.9950251579284668, -0.02252320386469364, -0.09704430401325226], [0.03726503998041153, 0.9875404238700867, 0.15288977324962616], [0.09239160269498825, -0.15574555099010468, 0.9834669232368469]], [[0.9000788927078247, 0.423389196395874, 0.10295397788286209], [-0.428983598947525, 0.9024659395217896, 0.039092421531677246], [-0.07636115700006485, -0.07935183495283127, 0.9939175844192505]], [[0.9719924330711365, -0.20797185599803925, 0.10944560915231705], [0.2063126415014267, 0.9781299233436584, 0.02639833651483059], [-0.11254214495420456, -0.0030789715237915516, 0.9936420917510986]], [[0.9860329627990723, -0.06684305518865585, 0.1525479108095169], [0.09433861076831818, 0.9789823889732361, -0.1808140128850937], [-0.13725556433200836, 0.192679762840271, 0.9716147780418396]], [[0.6421458125114441, 0.7290439009666443, -0.23694682121276855], [-0.7663940191268921, 0.60369473695755, -0.21952882409095764], [-0.017002588137984276, 0.32256409525871277, 0.9463949203491211]], [[0.608710765838623, -0.768134593963623, 0.19859635829925537], [0.7600826621055603, 0.6363582611083984, 0.13161517679691315], [-0.2274765968322754, 0.07083407044410706, 0.9712039232254028]], [[0.7340819239616394, -0.024234851822257042, -0.6786283254623413], [-0.05988426133990288, 0.9931590557098389, -0.10024489462375641], [0.6764152646064758, 0.11422712355852127, 0.7276087999343872]], [[0.5083253979682922, 0.07509759813547134, 0.857884407043457], [-0.09206466376781464, 0.9952202439308167, -0.032568320631980896], [-0.8562297821044922, -0.06242552399635315, 0.5128095746040344]], [[0.9987742304801941, 0.026434987783432007, 0.04184816777706146], [-0.018625803291797638, 0.9840236306190491, -0.17706090211868286], [-0.04586018621921539, 0.1760644018650055, 0.983309805393219]], [[0.8831629753112793, 0.46625959873199463, 0.05123709887266159], [-0.46860790252685547, 0.8818485736846924, 0.05243799090385437], [-0.020733647048473358, -0.07032139599323273, 0.9973089098930359]]]]
global_orient: [[[3.0477776527404785, 0.0020416213665157557, 0.32089149951934814]]]
globalorient_mat: [[[[0.9781039357185364, -0.006728124339133501, 0.20800821483135223], [0.009374311193823814, -0.9970385432243347, -0.07632992416620255], [0.20790576934814453, 0.07660853117704391, -0.9751442670822144]]]]
transl: [[0.012764469720423222, 0.24452553689479828, -0.0006124689825810492]]
expression: [[-0.3958924114704132, -0.010397486388683319, 0.17369820177555084, -0.14561200141906738, -0.4631294906139374, -0.6184831261634827, -0.19166310131549835, 0.30080682039260864, 0.3051624000072479, -0.1500091403722763, 0.1459747552871704, 0.4116898477077484, 0.26630187034606934, -0.3886151909828186, 0.37967386841773987, -0.021725861355662346, -0.22129637002944946, 0.029707448557019234, -0.1704498529434204, 0.14181959629058838, -0.021091198548674583, -0.03872840106487274, -0.053336597979068756, -0.11147799342870712, -0.175108402967453, 0.0784459263086319, 0.001424260437488556, 0.13408541679382324, -0.02106291800737381, -0.09762710332870483, -0.0521683469414711, -0.15921279788017273, 0.005091163795441389, 0.0019009262323379517, 0.14516590535640717, 0.03950261324644089, 0.05625872313976288, -0.024394623935222626, -0.05258844792842865, -0.12177827954292297, -0.07095421105623245, 0.019737593829631805, 0.003687379416078329, -0.02760477364063263, -0.07628388702869415, 0.034697212278842926, 0.004396352916955948, 0.1550215780735016, 0.029006412252783775, -0.03782302141189575]]
jaw_pose: [[[0.04519370198249817, 0.003030716674402356, -0.0002152426022803411]]]
left_hand_pose: [[[0.1210242286324501, 0.3053404688835144, -0.46070221066474915], [0.1031908169388771, -0.10197705030441284, -0.72934490442276], [-0.01369385328143835, -0.08598988503217697, -0.12840265035629272], [-0.10486730933189392, 0.12913097441196442, -0.8145898580551147], [-0.1960824579000473, 0.13784374296665192, -0.463581919670105], [0.01380721852183342, -0.09839171171188354, -0.15230537950992584], [-0.3925634026527405, -0.4556732475757599, -0.7137079238891602], [-0.22501207888126373, 0.06334935873746872, -0.4082304835319519], [-0.33563366532325745, -0.09213639050722122, 0.04263617470860481], [-0.021585706621408463, -0.1627693474292755, -0.8372654914855957], [-0.3808406591415405, -0.015562975779175758, -0.32071056962013245], [-0.15833254158496857, -0.11960608512163162, -0.23235125839710236], [0.7197086811065674, 0.40027639269828796, 0.2104516178369522], [-0.7437683939933777, 0.12313112616539001, -0.013659339398145676], [0.5445566773414612, 0.08790678530931473, -0.11030329018831253]]]
right_hand_pose: [[[-0.018531521782279015, -0.07006306201219559, 0.5718421339988708], [0.17652511596679688, 0.07188233733177185, 0.5809575915336609], [-0.07384556531906128, 0.0818401649594307, 0.12549692392349243], [-0.003347833640873432, 0.073304183781147, 0.7542405724525452], [-0.20924244821071625, -0.006037469953298569, 0.375257670879364], [-0.029887232929468155, 0.0778481513261795, 0.2663005590438843], [0.089323028922081, 0.2478504329919815, 0.5014042854309082], [-0.35372060537338257, 0.07612605392932892, 0.2774733603000641], [-0.20878911018371582, 0.20051813125610352, -0.0022665481083095074], [0.0912100151181221, 0.1241813451051712, 0.6312861442565918], [-0.3514784574508667, 0.08763959258794785, 0.3609045743942261], [-0.17090845108032227, 0.173172265291214, 0.3401660621166229], [0.5281467437744141, 0.023699279874563217, -0.15777403116226196], [-0.4736538231372833, -0.08763452619314194, 0.364935964345932], [0.47647249698638916, -0.23487022519111633, -0.011984349228441715]]]
scale: [[1.0261962413787842]]
smpl_joints: [[0.016269896179437637, -0.10031098127365112, -0.01216206420212984], [0.0652851015329361, -0.005579032935202122, -0.04025236517190933], [-0.04515239968895912, 0.005330178886651993, -0.01039306540042162], [0.00709966104477644, -0.20955383777618408, -0.04747765138745308], [0.1923215240240097, 0.3502601683139801, 0.04954114183783531], [-0.12839703261852264, 0.36500173807144165, 0.0018050824292004108], [0.01768859475851059, -0.3442727029323578, -0.05196845531463623], [0.17653284966945648, 0.7596129179000854, 0.07081854343414307], [-0.15056070685386658, 0.7137914896011353, -0.22333137691020966], [0.0169389471411705, -0.39808189868927, -0.024177202954888344], [0.2706153392791748, 0.803151547908783, 0.1686980277299881], [-0.19302763044834137, 0.8178616166114807, -0.13734552264213562], [0.020149871706962585, -0.561450183391571, -0.03970776125788689], [0.07182354480028152, -0.4760584533214569, -0.036625053733587265], [-0.020813319832086563, -0.4869268238544464, -0.01905880868434906], [0.059433918446302414, -0.7173502445220947, -0.03989112377166748], [0.19026963412761688, -0.45918500423431396, -0.09783171117305756], [-0.1274077296257019, -0.5279968976974487, 0.0094348369166255], [0.14566893875598907, -0.20018357038497925, -0.16405875980854034], [-0.23073886334896088, -0.27652737498283386, 0.07081892341375351], [0.18009555339813232, 0.005020800977945328, -0.007913116365671158], [-0.1986413300037384, -0.19033855199813843, 0.3102338910102844], [0.11685951054096222, 0.14854870736598969, 0.034532591700553894], [-0.17201311886310577, -0.14110520482063293, 0.4692591726779938]]
