betas: [[-0.254009485244751, 0.22153908014297485, -0.6245445609092712, -0.5938711166381836, -0.8359758853912354, -0.12203216552734375, -0.6951950788497925, -0.07295996695756912, -0.406529039144516, 0.05223673954606056, -1.0358818769454956, 0.4181522727012634, -0.1772695928812027, -0.6155666708946228, -0.42084795236587524, 0.02498292177915573, 0.15183277428150177, -0.5422549843788147, -0.5133261680603027, 0.28438800573349, 0.2163098156452179, 0.16339106857776642, -0.2720217704772949, 0.16583050787448883, -0.22408746182918549, -0.16796354949474335, 0.3721017837524414, -0.06980493664741516, 0.36520108580589294, 0.03383488208055496, -0.0998845174908638, 0.14240431785583496, -0.2198202908039093, -0.11856171488761902, -0.5056850910186768, 0.8608930110931396, 0.08727584779262543, 0.16747340559959412, -0.06773080676794052, 0.24967554211616516, 0.8407196402549744, 0.1078871339559555, -0.12783661484718323, -0.12205412983894348, -0.3825836181640625, -0.29845908284187317, -0.13312943279743195, -0.3626449704170227, 0.7208203673362732, 0.28716546297073364, 0.37972673773765564, 0.2771284878253937, 0.07127083837985992, -0.39223361015319824, -0.4049046039581299, 0.09402677416801453, -0.444121778011322, -0.16181612014770508, -0.7473600506782532, 0.4605379104614258, -0.49313315749168396, 0.9046484231948853, -0.12826840579509735, -0.10164643079042435, -0.22497649490833282, 0.2670605480670929, 0.26823854446411133, 0.21515239775180817, 0.5774060487747192, 0.1032121330499649, 0.1699538677930832, -0.1408994346857071, -0.6044530868530273, -0.23101229965686798, -0.0827333852648735, -0.005103976000100374, -0.3770430088043213, -0.39459413290023804, 0.38233503699302673, 0.10589460283517838, 0.07437832653522491, -0.3379340171813965, 0.21588461101055145, -0.509907066822052, -0.2971629500389099, 0.11081813275814056, -0.15344741940498352, 0.27090856432914734, 0.004404572304338217, -0.35379883646965027, -0.2636236846446991, -0.8800458312034607, -0.25276467204093933, 0.16699177026748657, -0.30393972992897034, -0.09895233809947968, 0.35188883543014526, 0.3800952434539795, 0.2164176106452942, -0.44261863827705383, 0.2555159628391266, -0.09201550483703613, 0.6139471530914307, -0.33226215839385986, -0.23422680795192719, 0.2570068836212158, 0.4017854332923889, 0.4748724699020386, 0.24799750745296478, 0.02841375768184662, -0.5189462304115295, -0.0847267359495163, -0.09018619358539581, 0.3722608685493469, -0.16031114757061005, -0.03791557997465134, 0.005125339142978191, -0.6313189268112183, -0.4488748610019684, -0.015141978859901428, -0.33960413932800293, 0.0880570337176323, 0.0010849982500076294, -0.05441315099596977, -0.13341453671455383, -0.22171147167682648, 0.025030510500073433, 0.5360032916069031, 0.09619960188865662, 0.02008861117064953, -0.41898614168167114, 0.5222637057304382, 0.16579529643058777, -0.15945294499397278, 0.1117810383439064, -0.09387576580047607, 0.33473896980285645, 0.16263361275196075, -0.17514270544052124, 0.04909743368625641, -0.4943852126598358, 0.3553285002708435, 0.08053896576166153, -0.15525294840335846, -0.24027304351329803, 0.17671149969100952, 0.04628371819853783, 0.14645503461360931, -0.6570237874984741, -0.07361897826194763, -0.22145682573318481, -0.06918415427207947, 0.22628918290138245, 0.2011277675628662, 0.02950233221054077, -0.5228146910667419, 0.2371291071176529, -0.2661840319633484, 0.388734370470047, 0.16207042336463928, 0.11416959017515182, 0.06544304639101028, -0.23264317214488983, -0.0863284021615982, -0.2411097288131714, -0.34423571825027466, -0.47567087411880493, -0.17057493329048157, 0.14984628558158875, 0.014192527160048485, 0.4862167239189148, 0.20906679332256317, 0.3013080358505249, 0.2229313850402832, -0.5118384957313538, -0.29632627964019775, 0.27624252438545227, 0.2155897319316864, 0.21721692383289337, 0.4264851212501526, -0.18338719010353088, -0.037343136966228485, 0.14844726026058197, 0.029653457924723625, -0.4793459475040436, -0.3420260548591614, 0.32197684049606323, 0.22156170010566711, 0.10705403238534927, 0.4016857445240021, -0.20768120884895325, 0.29778778553009033, 0.12644924223423004, -0.5371953845024109, -0.18602721393108368, -0.011603165417909622, 0.5419860482215881, -0.4333420395851135, -0.0585048533976078, 0.09140165150165558]]
body_pose: [[[-0.4913299083709717, -0.0313323549926281, 0.059866610914468765], [-0.054487936198711395, -0.062108930200338364, -0.04122096672654152], [0.1992260366678238, 0.020645318552851677, -0.017166178673505783], [0.41422900557518005, 0.008910429663956165, -0.04929473251104355], [0.7187881469726562, 0.04435737431049347, 0.1065230518579483], [-0.0821719765663147, -0.02713562548160553, -0.035268742591142654], [-0.1450592279434204, 0.3502062261104584, -0.35827764868736267], [-0.2564835846424103, -0.2148311734199524, 0.25250399112701416], [0.029583558440208435, -0.010331837460398674, -0.027525343000888824], [0.011687738820910454, -0.00624204333871603, 0.0954221561551094], [-0.02306693233549595, -0.04973157122731209, -0.0016433739801868796], [-0.22432231903076172, -0.028439383953809738, 0.0649016946554184], [-0.0681668370962143, 0.022108837962150574, -0.39832407236099243], [-0.004660101607441902, 0.025625964626669884, 0.18117161095142365], [0.08280764520168304, 0.13782694935798645, 0.01432317029684782], [0.05801479518413544, -0.16288819909095764, -0.8506088852882385], [0.030902812257409096, 0.2881200909614563, 0.8613123893737793], [0.17433269321918488, -0.5931339263916016, 0.11139355599880219], [-0.053041182458400726, 1.2309222221374512, -0.1340528428554535], [-0.10163069516420364, -0.06286460906267166, 0.39925962686538696], [0.21817053854465485, 0.08424145728349686, -0.4075325131416321]]]
bodypose_mat: [[[[0.9977635145187378, -0.049901604652404785, -0.04447171464562416], [0.06498315185308456, 0.8799958229064941, 0.47051525115966797], [0.015655454248189926, -0.47235289216041565, 0.8812704682350159]], [[0.9972236156463623, 0.042853306978940964, -0.06089848279953003], [-0.03947152569890022, 0.9976676106452942, 0.055689722299575806], [0.06314293295145035, -0.053131353110075, 0.996589183807373]], [[0.999640703201294, 0.019100414589047432, 0.018802322447299957], [-0.015001170337200165, 0.980074405670166, -0.19806349277496338], [-0.022210771217942238, 0.1977102905511856, 0.9800087809562683]], [[0.998763382434845, 0.04969567432999611, -0.0014082601992413402], [-0.04605793580412865, 0.9142472147941589, -0.4025304317474365], [-0.018716515973210335, 0.40209755301475525, 0.9154055118560791]], [[0.9936314821243286, -0.08211018145084381, 0.07716444879770279], [0.11261028051376343, 0.7474535703659058, -0.654699981212616], [-0.003919304348528385, 0.6592200398445129, 0.7519398331642151]], [[0.9990105628967285, 0.03633151948451996, -0.025648152455687523], [-0.03410335257649422, 0.9960048794746399, 0.08253061026334763], [0.028544144704937935, -0.08157426863908768, 0.9962584376335144]], [[0.8773159384727478, 0.31742262840270996, 0.3599438965320587], [-0.36708196997642517, 0.9269757866859436, 0.07724478095769882], [-0.30913999676704407, -0.19989699125289917, 0.9297707676887512]], [[0.9458445310592651, -0.21802538633346558, -0.2405056357383728], [0.2723240554332733, 0.9361717104911804, 0.22231075167655945], [0.17668519914150238, -0.27576687932014465, 0.9448464512825012]], [[0.9995678663253784, 0.027364559471607208, -0.010735931806266308], [-0.02767016924917698, 0.999183714389801, -0.029432808980345726], [0.009921751916408539, 0.029717154800891876, 0.9995090961456299]], [[0.9954313039779663, -0.09531106799840927, -0.005675189662724733], [0.09523818641901016, 0.9953826069831848, -0.011967253871262074], [0.006789596751332283, 0.01137208566069603, 0.9999122619628906]], [[0.9987623691558838, 0.002215984044596553, -0.049687694758176804], [-0.0010691166389733553, 0.9997326731681824, 0.023096224293112755], [0.04972559213638306, -0.02301451750099659, 0.998497724533081]], [[0.997501015663147, -0.0611296147108078, -0.03542373701930046], [0.06747983396053314, 0.9728591442108154, 0.2213403582572937], [0.020931854844093323, -0.22317764163017273, 0.9745529890060425]], [[0.9215048551559448, 0.38679540157318115, 0.034902140498161316], [-0.38828200101852417, 0.9194541573524475, 0.061977628618478775], [-0.00811825692653656, -0.07066455483436584, 0.9974671602249146]], [[0.9833067655563354, -0.18022125959396362, 0.025062158703804016], [0.1801021695137024, 0.9836233854293823, 0.006949000526219606], [-0.025904081761837006, -0.0023192502558231354, 0.9996617436408997]], [[0.9904200434684753, -0.008566864766180515, 0.13782088458538055], [0.0199552234262228, 0.9964765310287476, -0.08146354556083679], [-0.1366373896598816, 0.08343338966369629, 0.9871012568473816]], [[0.6479294300079346, 0.743312656879425, -0.1663539856672287], [-0.7521840333938599, 0.6588035821914673, 0.0140359066426754], [0.12002767622470856, 0.11603453010320663, 0.985966145992279]], [[0.6151773929595947, -0.743409276008606, 0.2624869644641876], [0.7517169117927551, 0.6534594893455505, 0.08895161002874374], [-0.23765206336975098, 0.14259487390518188, 0.9608268141746521]], [[0.82380211353302, -0.15423394739627838, -0.54549241065979], [0.05418724939227104, 0.9792943000793457, -0.19505472481250763], [0.564281702041626, 0.1311277598142624, 0.815102219581604]], [[0.3266599476337433, 0.07360289990901947, 0.9422715902328491], [-0.13095198571681976, 0.9908720254898071, -0.032001692801713943], [-0.9360260963439941, -0.11293867230415344, 0.3333166539669037]], [[0.9194953441619873, -0.3846532106399536, -0.08105707913637161], [0.3909502625465393, 0.9163527488708496, 0.08634506165981293], [0.041063979268074036, -0.11108316481113434, 0.9929623603820801]], [[0.9149916768074036, 0.401723176240921, 0.03753184154629707], [-0.3836798071861267, 0.8951107263565063, -0.22708289325237274], [-0.12481960654258728, 0.1933787763118744, 0.9731519222259521]]]]
global_orient: [[[3.127992630004883, 0.01766381226480007, 0.0033751223236322403]]]
globalorient_mat: [[[[0.9999338984489441, 0.011278514750301838, 0.0022343455348163843], [0.011307752691209316, -0.999844491481781, -0.01353555079549551], [0.0020813369192183018, 0.013559920713305473, -0.9999059438705444]]]]
transl: [[0.02813548967242241, 0.25664475560188293, -0.01890687458217144]]
expression: [[-0.6303224563598633, -0.07530098408460617, 0.13881340622901917, -0.16645637154579163, -0.37997838854789734, -0.6148532629013062, -0.22222496569156647, 0.41019728779792786, 0.25445613265037537, -0.18298585712909698, 0.1721387356519699, 0.4300087094306946, 0.23373237252235413, -0.42249011993408203, 0.3454744815826416, 0.00629563070833683, -0.07496407628059387, 0.0863100066781044, -0.16513824462890625, 0.04380632936954498, -0.034671708941459656, 0.026381105184555054, -0.13305214047431946, -0.0602966770529747, -0.07760212570428848, 0.07759139686822891, -0.028336994349956512, 0.11734538525342941, 0.006826959550380707, -0.09231148660182953, -0.08187026530504227, -0.15870386362075806, -0.02269619330763817, 0.07206365466117859, 0.12826882302761078, 0.0020995456725358963, 0.06780337542295456, -0.0490131676197052, -0.04898080602288246, -0.14005979895591736, -0.04374206066131592, 0.04530893638730049, -0.005118338856846094, -0.024512693285942078, -0.03776745870709419, 0.022604666650295258, 0.0034746862947940826, 0.11520121991634369, 0.07165195047855377, -0.0396801121532917]]
jaw_pose: [[[0.051818545907735825, 0.0019376089330762625, 0.0005692739505320787]]]
left_hand_pose: [[[0.07092587649822235, 0.2170158326625824, -1.1289074420928955], [0.3533897399902344, -0.18369942903518677, -1.1372703313827515], [-0.22068682312965393, -0.22336091101169586, -0.01864553429186344], [-0.30404406785964966, 0.061762288212776184, -1.310593605041504], [-0.21723859012126923, 0.13225533068180084, -0.7605520486831665], [0.011061052791774273, -0.13073623180389404, -0.2651538848876953], [-0.7452124953269958, -0.6099908947944641, -1.0529602766036987], [-0.366230845451355, 0.001052782405167818, -0.6203722357749939], [-0.3635480999946594, -0.08026567101478577, 0.03282298520207405], [-0.1833120435476303, -0.27280139923095703, -1.2574430704116821], [-0.4882510006427765, -0.04458627849817276, -0.6299301385879517], [-0.23944522440433502, -0.20673517882823944, -0.41520872712135315], [1.312233567237854, 0.30645301938056946, -0.1422446072101593], [-0.7700567841529846, -0.3084137737751007, -0.009191466495394707], [0.6816221475601196, 0.019840814173221588, -0.195457324385643]]]
right_hand_pose: [[[0.08602333813905716, -0.10230142623186111, 0.5010780096054077], [0.1539827138185501, 0.11215418577194214, 0.8474708199501038], [-0.07119953632354736, 0.1164717748761177, 0.2512086033821106], [-0.18661382794380188, 0.009915509261190891, 0.8341692686080933], [-0.12170813232660294, -0.03568689897656441, 0.5585733652114868], [-0.03176073729991913, 0.07960758358240128, 0.2919706702232361], [-0.30478784441947937, 0.3216639459133148, 0.5613450407981873], [-0.2318778932094574, 0.03660418838262558, 0.3202555179595947], [-0.3443772494792938, 0.06777859479188919, 0.03317579627037048], [-0.08752629905939102, 0.16106121242046356, 0.829219400882721], [-0.3509024381637573, 0.11140699684619904, 0.46389153599739075], [-0.1922493577003479, 0.10351430624723434, 0.2962932884693146], [0.669077455997467, -0.1971510499715805, -0.10322079062461853], [-0.46802449226379395, -0.06195251643657684, 0.05187064781785011], [0.5955200791358948, -0.24083834886550903, 0.1819852739572525]]]
scale: [[1.0302797555923462]]
smpl_joints: [[0.031982697546482086, -0.08849471807479858, 0.0077950539998710155], [0.08467576652765274, 0.004968977067619562, -0.015365786850452423], [-0.027981584891676903, 0.01615087129175663, -0.009570712223649025], [0.030530400574207306, -0.19991695880889893, -0.021474722772836685], [0.15808925032615662, 0.34122970700263977, 0.166742742061615], [-0.09425844252109528, 0.3803826868534088, -0.0012370090698823333], [0.04356895387172699, -0.3352021872997284, -0.00466552609577775], [0.12091346085071564, 0.7504664659500122, 0.17406004667282104], [-0.04891581833362579, 0.6996278762817383, -0.2652427554130554], [0.03628779947757721, -0.387942910194397, 0.025127621367573738], [0.1837339997291565, 0.8035674095153809, 0.2911403775215149], [-0.09822866320610046, 0.8106949329376221, -0.19173826277256012], [0.03967997431755066, -0.5519963502883911, 0.02128281258046627], [0.09029058367013931, -0.4670872092247009, 0.03246559202671051], [-0.0031142733059823513, -0.4760406017303467, 0.025862593203783035], [0.06916363537311554, -0.7098485827445984, 0.02826082520186901], [0.22053872048854828, -0.45935171842575073, 0.01273944042623043], [-0.11050926148891449, -0.5180283784866333, 0.019423140212893486], [0.2121628075838089, -0.18926942348480225, -0.023705052211880684], [-0.23631194233894348, -0.2673119902610779, 0.025007741525769234], [0.27612295746803284, 0.006165478844195604, 0.13778924942016602], [-0.2518203854560852, -0.2012677788734436, 0.273965984582901], [0.25605112314224243, 0.09768977016210556, 0.20837657153606415], [-0.2413996309041977, -0.15117277204990387, 0.4216228723526001]]
