betas: [[-0.18611343204975128, 0.2663060426712036, -0.5999406576156616, -0.6054075956344604, -0.8108139038085938, -0.17611727118492126, -0.5606927275657654, -0.1404183804988861, -0.4684096574783325, 0.008664160035550594, -0.856248140335083, 0.3242673873901367, -0.260854035615921, -0.4260059893131256, -0.45712554454803467, 0.011196673847734928, 0.09337763488292694, -0.5944157242774963, -0.38506296277046204, 0.17339910566806793, 0.47234562039375305, 0.10981237143278122, -0.32785722613334656, 0.2345643937587738, -0.11052639782428741, -0.03558627888560295, 0.3307811915874481, 0.06682446599006653, 0.37753188610076904, 0.06615778803825378, -0.1509634405374527, 0.16620896756649017, -0.25510352849960327, 0.005143003538250923, -0.21454468369483948, 0.6915987133979797, -0.0873199999332428, 0.07824261486530304, -0.04466686770319939, -0.009836082346737385, 0.7167580723762512, -0.22291938960552216, -0.1987416297197342, -0.07202548533678055, -0.5270714163780212, -0.3629252314567566, -0.061866551637649536, -0.30697134137153625, 0.4809318780899048, 0.31213438510894775, 0.1061364933848381, 0.25018179416656494, 0.10031063854694366, -0.36994561553001404, -0.3702572286128998, 0.038387373089790344, -0.3213063180446625, -0.46577298641204834, -0.6698381304740906, 0.4453926980495453, -0.5208450555801392, 0.7508105635643005, -0.16285935044288635, 0.21593205630779266, -0.2105911523103714, 0.19073863327503204, 0.2614907920360565, 0.23183618485927582, 0.6208794116973877, 0.2551549971103668, 0.16801801323890686, 0.015669584274291992, -0.5645355582237244, -0.05590048432350159, -0.19370967149734497, 0.18953774869441986, -0.2979408800601959, -0.3947458267211914, 0.46365153789520264, 0.02725943922996521, 0.15173307061195374, -0.07363422214984894, 0.301093727350235, -0.2748814523220062, -0.34648066759109497, 0.34386011958122253, -0.26943615078926086, -0.07395115494728088, -0.056377533823251724, -0.14844439923763275, -0.5013517737388611, -0.6549379825592041, -0.1223808228969574, 0.1457560509443283, -0.17319120466709137, -0.09965582191944122, 0.41250723600387573, 0.3722933232784271, 0.15851154923439026, -0.48148301243782043, 0.22127224504947662, -0.19952985644340515, 0.6106526255607605, -0.25195208191871643, -0.26647859811782837, 0.2496638000011444, 0.31447723507881165, 0.38491860032081604, 0.11223506927490234, -0.03277535364031792, -0.22094085812568665, -0.15362654626369476, -0.18262380361557007, 0.4323221445083618, -0.1860935091972351, 0.10580223053693771, -0.025390731170773506, -0.4574398994445801, -0.38989344239234924, -0.04303595796227455, -0.319058895111084, 0.06340964883565903, 0.041445642709732056, -0.04093807935714722, -0.4019742012023926, -0.2146337330341339, 0.10571740567684174, 0.4144774079322815, 0.07579362392425537, -0.054869189858436584, -0.16502608358860016, 0.36923661828041077, 0.046169720590114594, -0.14159999787807465, 0.02660188637673855, -0.2833732068538666, 0.10627114027738571, 0.09644626826047897, -0.2618030905723572, 0.08655942231416702, -0.3172110617160797, 0.22098544239997864, 0.11934653669595718, -0.011052539572119713, -0.0214065108448267, -0.1143665686249733, -0.006196511443704367, 0.04027104005217552, -0.4338966906070709, -0.0699944943189621, -0.0011870776070281863, -0.06778381019830704, 0.025212053209543228, 0.3118205666542053, 0.007955321110785007, -0.39764633774757385, 0.18647822737693787, -0.09827682375907898, 0.2436143159866333, 0.1687103509902954, 0.09875543415546417, -0.023650506511330605, -0.33488929271698, -0.13522130250930786, -0.2236679494380951, -0.32111454010009766, -0.3783811628818512, -0.07221615314483643, 0.15102066099643707, -0.0838727056980133, 0.5280081629753113, 0.134762704372406, 0.21064530313014984, 0.15466925501823425, -0.38430970907211304, -0.2633650600910187, 0.2240680754184723, 0.1498434990644455, 0.20426635444164276, 0.3581608533859253, -0.311724454164505, -0.038530509918928146, -0.02675582282245159, -0.15178006887435913, -0.3700653910636902, -0.1461295634508133, 0.23106151819229126, 0.23832117021083832, 0.09106934070587158, 0.34123867750167847, -0.1927664577960968, 0.2330792397260666, 0.022074710577726364, -0.5510135889053345, -0.14122404158115387, 0.21536198258399963, 0.5401814579963684, -0.2180846780538559, -0.13918928802013397, 0.17988994717597961]]
body_pose: [[[-0.5292578339576721, -0.038913458585739136, 0.06243672966957092], [-0.10387680679559708, -0.03306049481034279, -0.013649890199303627], [0.21560539305210114, -0.003313440131023526, -0.03159411624073982], [0.6249195337295532, 2.208643672929611e-05, -0.06966395676136017], [0.7072020769119263, 0.03561996668577194, 0.11848931014537811], [-0.10296569019556046, -0.054548148065805435, -0.028934556990861893], [-0.050256963819265366, 0.23476476967334747, -0.23333732783794403], [-0.2058108001947403, -0.1702551543712616, 0.1762724369764328], [0.04536785930395126, -0.040033597499132156, -0.015898579731583595], [0.061938587576150894, 0.03266661986708641, 0.11992824077606201], [0.02596553973853588, -0.05911354348063469, -0.08694998174905777], [-0.23079006373882294, 0.036554060876369476, 0.06187395378947258], [-0.015588291920721531, 0.01948649249970913, -0.35500669479370117], [0.010817400179803371, -0.0013535104226320982, 0.20009027421474457], [0.10009580105543137, 0.1851881742477417, 0.014493073336780071], [0.025380950421094894, -0.12598416209220886, -0.8335683941841125], [0.07866470515727997, 0.24573618173599243, 0.866178572177887], [-0.14983345568180084, -0.6226111650466919, 0.02945929579436779], [-0.09726190567016602, 1.2998580932617188, -0.11252500116825104], [-0.12857089936733246, -0.0412069708108902, 0.3420535624027252], [0.07697822153568268, 0.09945656359195709, -0.24126894772052765]]]
bodypose_mat: [[[[0.9973574876785278, -0.04945271462202072, -0.05322106555104256], [0.06956256181001663, 0.8613407611846924, 0.5032426118850708], [0.020954763516783714, -0.5056149959564209, 0.8625047206878662]], [[0.9993609189987183, 0.015337828546762466, -0.032285790890455246], [-0.011907069012522697, 0.9945172071456909, 0.10389337688684464], [0.033702269196510315, -0.10344256460666656, 0.9940642714500427]], [[0.9994972944259644, 0.03098881244659424, -0.006679746322333813], [-0.031700413674116135, 0.9763519167900085, -0.21385058760643005], [-0.00010519944771658629, 0.2139548808336258, 0.9768434762954712]], [[0.9976524114608765, 0.06516995280981064, -0.021038727834820747], [-0.06515660136938095, 0.8087394833564758, -0.5845469236373901], [-0.021080046892166138, 0.5845454335212708, 0.8110871315002441]], [[0.9926689863204956, -0.09650590270757675, 0.07276677340269089], [0.1206328272819519, 0.7537676095962524, -0.6459738612174988], [0.0074910568073391914, 0.650016188621521, 0.7598835229873657]], [[0.9980959296226501, 0.031670015305280685, -0.0529293492436409], [-0.02606017142534256, 0.9942872524261475, 0.10350672155618668], [0.055905044078826904, -0.10193029046058655, 0.9932193756103516]], [[0.9457293748855591, 0.2231583148241043, 0.23621246218681335], [-0.2348470687866211, 0.9717790484428406, 0.022188542410731316], [-0.22459477186203003, -0.0764581635594368, 0.9714480638504028]], [[0.9702260494232178, -0.1559077650308609, -0.18534891307353973], [0.190650075674057, 0.963597297668457, 0.18743765354156494], [0.1493787169456482, -0.21719367802143097, 0.9646310210227966]], [[0.9990726113319397, 0.014980386942625046, -0.04036801680922508], [-0.016796031966805458, 0.9988449215888977, -0.04502013698220253], [0.03964696452021599, 0.04565640538930893, 0.9981701970100403]], [[0.9922874569892883, -0.11853309720754623, 0.03626985102891922], [0.12055317312479019, 0.9909049868583679, -0.05978401005268097], [-0.02885359525680542, 0.06369537115097046, 0.9975521564483643]], [[0.9944781064987183, 0.08601340651512146, -0.06012580543756485], [-0.08754681050777435, 0.9958868026733398, -0.023347361013293266], [0.05787030607461929, 0.028482260182499886, 0.9979178309440613]], [[0.9974303245544434, -0.06547084450721741, 0.02909388393163681], [0.05707551911473274, 0.9715924859046936, 0.2296745628118515], [-0.043304383754730225, -0.2274238020181656, 0.9728326201438904]], [[0.9374595284461975, 0.3474099636077881, 0.021815646439790726], [-0.3477104902267456, 0.9375272393226624, 0.011838754639029503], [-0.01633986085653305, -0.018683884292840958, 0.999691903591156]], [[0.980047881603241, -0.19876112043857574, -0.00026585860177874565], [0.19874653220176697, 0.9799904823303223, -0.010880108922719955], [0.0024230817798525095, 0.010610190220177174, 0.9999406933784485]], [[0.9828115701675415, -0.005151822697371244, 0.18453969061374664], [0.02361970767378807, 0.9949043393135071, -0.09801767766475677], [-0.18309436738491058, 0.10069168359041214, 0.977925181388855]], [[0.6652178764343262, 0.7366913557052612, -0.12153594940900803], [-0.739703893661499, 0.6723909974098206, 0.02699136547744274], [0.10160398483276367, 0.07194546610116959, 0.9922199249267578]], [[0.6215243935585022, -0.7439554333686829, 0.2454337328672409], [0.7620057463645935, 0.646828293800354, 0.03099142014980316], [-0.18180972337722778, 0.167759969830513, 0.9689178466796875]], [[0.8123059272766113, 0.01758572645485401, -0.5829663872718811], [0.07255087792873383, 0.9887348413467407, 0.13091857731342316], [0.5787014961242676, -0.14864066243171692, 0.8018792867660522]], [[0.2635464370250702, 0.028365449979901314, 0.9642295837402344], [-0.13775599002838135, 0.9904295802116394, 0.008515732362866402], [-0.954759955406189, -0.13507269322872162, 0.26493170857429504]], [[0.941316545009613, -0.3317769169807434, -0.06202687695622444], [0.3370155096054077, 0.9339834451675415, 0.11872424185276031], [0.01854211464524269, -0.1326611042022705, 0.99098801612854]], [[0.9661584496498108, 0.2421075999736786, 0.08900491148233414], [-0.23449872434139252, 0.9681290984153748, -0.0879560261964798], [-0.10746307671070099, 0.06410790979862213, 0.9921400547027588]]]]
global_orient: [[[3.1377904415130615, 0.02524290792644024, -0.12579086422920227]]]
globalorient_mat: [[[[0.9966619610786438, 0.016110023483633995, -0.08003465086221695], [0.016015470027923584, -0.9998700618743896, -0.0018232885049656034], [-0.08005362749099731, 0.0005354098393581808, -0.9967904686927795]]]]
transl: [[0.027359753847122192, 0.25029218196868896, -0.00850544311106205]]
expression: [[-0.4493013322353363, -0.009509466588497162, 0.08946850895881653, -0.17238938808441162, -0.38016098737716675, -0.5792667865753174, -0.23786737024784088, 0.41857290267944336, 0.23867735266685486, -0.18983952701091766, 0.1750830113887787, 0.38176703453063965, 0.2481713891029358, -0.395325243473053, 0.3411640524864197, 0.025260912254452705, -0.09035836905241013, 0.08896932005882263, -0.15349271893501282, 0.02617165446281433, -0.03279208391904831, 0.018947839736938477, -0.1511218249797821, -0.0811377540230751, -0.08595570176839828, 0.06887076050043106, -0.0023249536752700806, 0.1340349018573761, -0.011278439313173294, -0.06986106932163239, -0.06644846498966217, -0.14180578291416168, -0.01820319890975952, 0.08986112475395203, 0.13480257987976074, 0.000244850292801857, 0.07987011969089508, -0.04374334216117859, -0.03114519640803337, -0.11264979839324951, -0.0700860396027565, 0.059932250529527664, 0.008758427575230598, -0.02792881801724434, -0.044288575649261475, 0.022056318819522858, -0.0008641369640827179, 0.10485203564167023, 0.05677352845668793, -0.040347352623939514]]
jaw_pose: [[[0.05748511105775833, 0.0019862863700836897, 0.0006713868351653218]]]
left_hand_pose: [[[0.08396079391241074, 0.2116532325744629, -0.9601992964744568], [0.24344103038311005, -0.07473205029964447, -1.000249981880188], [-0.12392864376306534, -0.18077236413955688, -0.10633713006973267], [-0.26602110266685486, 0.09450006484985352, -1.282173991203308], [-0.20251186192035675, 0.12563017010688782, -0.5821621417999268], [-0.024787409231066704, -0.10738175362348557, -0.29424116015434265], [-0.6764841079711914, -0.5178892612457275, -1.068764090538025], [-0.3338033854961395, -0.045937925577163696, -0.5557717084884644], [-0.4499302804470062, -0.10868529230356216, -0.020067239180207253], [-0.144037663936615, -0.23028188943862915, -1.2719234228134155], [-0.5214875936508179, -0.09831651300191879, -0.5280729532241821], [-0.2524073123931885, -0.13491614162921906, -0.45926839113235474], [1.1272205114364624, 0.07678249478340149, -0.10998071730136871], [-0.7716063261032104, -0.22072914242744446, -0.11746181547641754], [0.7284426093101501, 0.15770936012268066, -0.1649245321750641]]]
right_hand_pose: [[[0.0063174101524055, 0.04022787883877754, 0.6820414662361145], [0.16761662065982819, 0.10188047587871552, 0.6557453870773315], [-0.10571536421775818, 0.10028530657291412, 0.0986570194363594], [-0.1731722503900528, 0.0875268280506134, 0.9534764289855957], [-0.18801122903823853, -0.0012589810648933053, 0.5480912923812866], [-0.04333989694714546, 0.10144906491041183, 0.3432871997356415], [-0.31542328000068665, 0.36406320333480835, 0.7395738363265991], [-0.3591524362564087, 0.15942597389221191, 0.45080435276031494], [-0.363936185836792, 0.18913854658603668, 0.11219662427902222], [-0.04894902929663658, 0.17712536454200745, 0.8624733686447144], [-0.43454939126968384, 0.14112138748168945, 0.5267305970191956], [-0.21152015030384064, 0.18165980279445648, 0.494573712348938], [0.9251782298088074, 0.017467310652136803, 0.0673903301358223], [-0.5888466835021973, 0.0851091742515564, 0.23409898579120636], [0.6490666270256042, -0.24742713570594788, 0.11545762419700623]]]
scale: [[1.0433597564697266]]
smpl_joints: [[0.03078465908765793, -0.0980197936296463, -0.0025728538166731596], [0.08571992814540863, -0.002970741596072912, -0.022882642224431038], [-0.028884418308734894, 0.007917650043964386, -0.026343464851379395], [0.03227463364601135, -0.2113816738128662, -0.031104132533073425], [0.1431681513786316, 0.33341649174690247, 0.1775733381509781], [-0.09058146923780441, 0.37863507866859436, -0.006636166479438543], [0.0460704006254673, -0.3480885922908783, -0.008995591662824154], [0.10578911006450653, 0.74224853515625, 0.104030080139637], [-0.019199641421437263, 0.7136356830596924, -0.2545933425426483], [0.035700153559446335, -0.4013959467411041, 0.02120714820921421], [0.15163490176200867, 0.8214108943939209, 0.21722903847694397], [-0.06861776113510132, 0.826183021068573, -0.17867352068424225], [0.04122963920235634, -0.568915843963623, 0.02106032893061638], [0.08990757167339325, -0.48126092553138733, 0.03920511156320572], [-0.0035269258078187704, -0.49171584844589233, 0.01702312007546425], [0.07251429557800293, -0.7289767265319824, 0.03321739286184311], [0.22651846706867218, -0.4790997803211212, 0.04419494792819023], [-0.11195733398199081, -0.5354032516479492, -0.009112807922065258], [0.23875199258327484, -0.20941786468029022, -0.012521897442638874], [-0.2332211434841156, -0.2829177677631378, -0.053861454129219055], [0.2976146638393402, -0.0041342684999108315, 0.14519284665584564], [-0.2899787425994873, -0.20691438019275665, 0.19026701152324677], [0.2676495611667633, 0.09691593796014786, 0.2200549840927124], [-0.26721665263175964, -0.14923007786273956, 0.32918623089790344]]
