betas: [[-0.2812142074108124, 0.29553043842315674, -0.647835373878479, -0.5234959721565247, -0.877207338809967, -0.09959451109170914, -0.6559239625930786, 0.07363669574260712, -0.421600341796875, -0.10778450220823288, -0.8695570230484009, 0.465564101934433, -0.0957992821931839, -0.5232902765274048, -0.38317644596099854, -0.311063677072525, 0.19476482272148132, -0.5174127221107483, -0.5275629758834839, 0.22067458927631378, 0.44934752583503723, 0.23318679630756378, -0.3725963830947876, 0.19708891212940216, -0.2943468689918518, -0.0869976207613945, 0.34780997037887573, -0.15155650675296783, 0.22988401353359222, 0.10341674834489822, -0.12742513418197632, -0.2861770987510681, -0.041408270597457886, -0.19859173893928528, -0.44191774725914, 0.6271440982818604, -0.09190943092107773, 0.12414202839136124, -0.2347026914358139, 0.36636123061180115, 0.9465968608856201, -0.41455695033073425, -0.7307705283164978, -0.05435286462306976, -0.4574255645275116, -0.5374141335487366, -0.11742044240236282, -0.04721270501613617, 0.32254356145858765, 0.4859629273414612, 0.07200130075216293, 0.33403944969177246, 0.03785712644457817, -0.35248106718063354, -0.5379774570465088, -0.14598926901817322, -0.3402111530303955, -0.4741658866405487, -0.5602687001228333, 0.5360851883888245, -0.3509167432785034, 0.940281867980957, -0.11334370821714401, -0.09962949901819229, -0.5941668152809143, 0.04045162722468376, 0.5655286312103271, 0.26878446340560913, 0.6629258990287781, 0.062124427407979965, 0.2046567052602768, -0.3142535984516144, -0.26024287939071655, -0.06296791881322861, 0.4354528784751892, -0.1288178265094757, -0.12327505648136139, 0.17075106501579285, 0.33829233050346375, 0.15993914008140564, -0.06796608120203018, -0.3938683271408081, 0.3642485737800598, -0.3633028566837311, -0.41785770654678345, 0.46668028831481934, 0.09834954142570496, 0.211094930768013, -0.33292341232299805, -0.4445161819458008, -0.391687273979187, -0.8228160738945007, -0.1146671399474144, 0.3804963231086731, -0.26086699962615967, -0.08571095019578934, 0.4224505126476288, 0.505833089351654, 0.5308542847633362, -0.1978546679019928, 0.26396793127059937, -0.38251376152038574, 0.5054248571395874, -0.42567527294158936, 0.1700185388326645, 0.26683637499809265, 0.42145562171936035, 0.5147511959075928, 0.1835736781358719, -0.16313375532627106, -0.2966671884059906, -0.4714941382408142, -0.17214883863925934, 0.4456577003002167, -0.1244146004319191, -0.17846481502056122, 0.10686057806015015, -0.6401610374450684, -0.47469767928123474, -0.05536265671253204, -0.2564924359321594, 0.19677326083183289, -0.17039844393730164, -0.23326361179351807, -0.025246985256671906, -0.23882177472114563, 0.07257769256830215, 0.4959871768951416, 0.16843044757843018, -0.020069660618901253, 0.10087473690509796, 0.42836782336235046, 0.1916402131319046, -0.08555251359939575, 0.21997985243797302, 0.13874146342277527, 0.44088226556777954, 0.14787261188030243, -0.17610423266887665, 0.46385082602500916, -0.4256262183189392, 0.5128049254417419, 0.2103016972541809, -0.05127761512994766, 0.09563612937927246, -0.509253740310669, 0.19093462824821472, 0.22329926490783691, -0.5594285130500793, 0.09324925392866135, -0.10881602764129639, -0.008364710956811905, 0.21552792191505432, 0.3012424111366272, 0.4805355966091156, -0.47869673371315, 0.18379564583301544, -0.2874198257923126, 0.37629222869873047, 0.10786594450473785, -0.27728092670440674, 0.04597122594714165, -0.6096137762069702, 0.0165704432874918, -0.17696347832679749, -0.31412625312805176, -0.36692020297050476, -0.182491272687912, 0.3319740295410156, -0.257528156042099, 0.2872152626514435, 0.17694085836410522, 0.48177918791770935, 0.29323676228523254, -0.37430238723754883, -0.22072400152683258, -0.02202860452234745, 0.27253836393356323, 0.1319473534822464, 0.3762180805206299, -0.37469688057899475, 0.05140751600265503, 0.3685181736946106, -0.4361066222190857, -0.5709033012390137, -0.380058616399765, 0.26698142290115356, 0.30352362990379333, 0.019677717238664627, 0.2821750342845917, -0.13921339809894562, 0.5599790811538696, -0.03133610635995865, -0.28457343578338623, -0.0886705070734024, 0.29261139035224915, 0.5563833117485046, -0.37027543783187866, -0.04125313460826874, 0.18828505277633667]]
body_pose: [[[-0.38130518794059753, 0.03432624414563179, 0.12682713568210602], [0.006305572111159563, -0.10506527125835419, -0.10010764747858047], [0.1463773101568222, 0.03251812234520912, -0.012121858075261116], [0.2917058765888214, 0.05453459545969963, -0.05452635511755943], [0.6482647657394409, 0.061701610684394836, 0.09806983172893524], [-0.0551874004304409, 0.005370202474296093, -0.03888256847858429], [-0.1368144154548645, 0.2800292372703552, -0.3621330261230469], [-0.1731008142232895, -0.17377859354019165, 0.08717021346092224], [0.036591384559869766, 0.019841114059090614, -0.04351106286048889], [0.011402822099626064, 0.04883762076497078, 0.0019896086305379868], [0.008748156018555164, -0.07409979403018951, -0.027279436588287354], [-0.12041062861680984, -0.08973042666912079, 0.04175623878836632], [-0.023508118465542793, 0.12948553264141083, -0.47020071744918823], [-0.021621327847242355, 0.043393924832344055, 0.192996084690094], [0.17500847578048706, 0.11339550465345383, 0.046463508158922195], [0.35912078619003296, -0.1783808320760727, -0.830864667892456], [-0.038202520459890366, 0.22864294052124023, 0.9189255833625793], [0.03318927437067032, -0.8155611753463745, -0.12341495603322983], [-0.036317333579063416, 1.1070048809051514, -0.13771027326583862], [0.21168029308319092, 0.07565129548311234, -0.02450360544025898], [0.057852212339639664, -0.03267541155219078, -0.5041463971138]]]
bodypose_mat: [[[[0.9914847016334534, -0.12987291812896729, 0.009549272246658802], [0.11696060746908188, 0.92034912109375, 0.37319934368133545], [-0.05725715309381485, -0.3689045310020447, 0.9277020692825317]], [[0.989488422870636, 0.099425308406353, -0.1050112396478653], [-0.10008663684129715, 0.9949781894683838, -0.0010337426792830229], [0.10438111424446106, 0.011533098295331001, 0.9944705367088318]], [[0.9993990063667297, 0.014451666735112667, 0.03151010349392891], [-0.00970071367919445, 0.9892337322235107, -0.14602254331111908], [-0.0332811214029789, 0.14562910795211792, 0.9887794256210327]], [[0.9970489144325256, 0.06159663945436478, 0.045818209648132324], [-0.04580890014767647, 0.9563003778457642, -0.28877541422843933], [-0.06160355731844902, 0.28582432866096497, 0.956299901008606]], [[0.9935266971588135, -0.07184650748968124, 0.08799291402101517], [0.11042068898677826, 0.7927236557006836, -0.5994968414306641], [-0.026682304218411446, 0.6053323745727539, 0.7955254316329956]], [[0.999229907989502, 0.038704730570316315, 0.0064386036247015], [-0.0390009805560112, 0.9977222084999084, 0.0550408661365509], [-0.004293594975024462, -0.055249594151973724, 0.9984633922576904]], [[0.8971997499465942, 0.32971739768981934, 0.29380106925964355], [-0.367306113243103, 0.9264853596687317, 0.08192159980535507], [-0.24519141018390656, -0.18141497671604156, 0.9523496627807617]], [[0.9812076687812805, -0.07123321294784546, -0.17932476103305817], [0.1011449471116066, 0.9813245534896851, 0.16362102329730988], [0.16432054340839386, -0.17868399620056152, 0.9700880646705627]], [[0.9988568425178528, 0.043847665190696716, 0.019033297896385193], [-0.04312187433242798, 0.9983843564987183, -0.03700079396367073], [-0.020624948665499687, 0.03613774850964546, 0.999133825302124]], [[0.9988057613372803, -0.0017103913705796003, 0.04882846027612686], [0.0022671555634588003, 0.9999330043792725, -0.01134946197271347], [-0.048805780708789825, 0.011446609161794186, 0.9987426996231079]], [[0.9968841671943665, 0.026926802471280098, -0.07414111495018005], [-0.0275746937841177, 0.9995898008346558, -0.0077287862077355385], [0.07390259951353073, 0.009749123826622963, 0.9972177147865295]], [[0.995112419128418, -0.03619605675339699, -0.09187641739845276], [0.046978697180747986, 0.991895318031311, 0.11805407702922821], [0.08685868978500366, -0.12179329246282578, 0.988747775554657]], [[0.8834164142608643, 0.4502469301223755, 0.12981928884983063], [-0.4532308876514435, 0.8913636207580566, -0.007256976328790188], [-0.11898361891508102, -0.05242718383669853, 0.9915110468864441]], [[0.9804992079734802, -0.1921924501657486, 0.04102856293320656], [0.19125734269618988, 0.981204628944397, 0.02565254643559456], [-0.04518764466047287, -0.017305288463830948, 0.9988285899162292]], [[0.9925198554992676, -0.03622594103217125, 0.11658512055873871], [0.055995743721723557, 0.9836688041687012, -0.17105576395988464], [-0.10848449915647507, 0.17630450427532196, 0.9783393144607544]], [[0.6638166904449463, 0.6880967020988464, -0.2930365204811096], [-0.7477403283119202, 0.6185916066169739, -0.2413066178560257], [0.015227654948830605, 0.37929853796958923, 0.9251490831375122]], [[0.5842180252075195, -0.7914655208587646, 0.17964358627796173], [0.7833652496337891, 0.6077812910079956, 0.1301569789648056], [-0.21219874918460846, 0.06468649953603745, 0.9750833511352539]], [[0.6786996722221375, 0.09708496183156967, -0.727970540523529], [-0.12265019118785858, 0.9922868609428406, 0.01798631064593792], [0.7241019606590271, 0.0770784243941307, 0.6853722333908081]], [[0.43975764513015747, 0.09274762868881226, 0.8933146595954895], [-0.12894700467586517, 0.9908685684204102, -0.039398517459630966], [-0.888811469078064, -0.09786444902420044, 0.4477015435695648]], [[0.9968516826629639, 0.03226820379495621, 0.07242581993341446], [-0.016322443261742592, 0.9773921370506287, -0.21080389618873596], [-0.07759068161249161, 0.20895805954933167, 0.9748417139053345]], [[0.8751106262207031, 0.4817737638950348, -0.045556772500276566], [-0.483623743057251, 0.873995304107666, -0.04733039811253548], [0.01701386645436287, 0.06345167011022568, 0.9978398084640503]]]]
global_orient: [[[3.058661460876465, 0.008277752436697483, 0.4198593497276306]]]
globalorient_mat: [[[[0.9630244970321655, -0.0020637388806790113, 0.26940587162971497], [0.012680971063673496, -0.9985151290893555, -0.05297866091132164], [0.269115149974823, 0.05443607643246651, -0.9615683555603027]]]]
transl: [[0.006716553587466478, 0.26399528980255127, -0.047878868877887726]]
expression: [[-0.5470265746116638, -0.10978352278470993, 0.21765124797821045, -0.16622570157051086, -0.37929806113243103, -0.5888718366622925, -0.1699596643447876, 0.350352942943573, 0.2507815361022949, -0.09920266270637512, 0.19437621533870697, 0.46469733119010925, 0.3008077144622803, -0.41068035364151, 0.35979971289634705, -0.00465015135705471, -0.2023317813873291, 0.03988242149353027, -0.16765275597572327, 0.10276411473751068, -0.019160466268658638, -0.032182611525058746, -0.08412213623523712, -0.12136771529912949, -0.16573232412338257, 0.061781145632267, 0.0017247721552848816, 0.12151022255420685, -0.021570540964603424, -0.09523221850395203, -0.054160140454769135, -0.13782775402069092, -0.027565915137529373, 0.022604424506425858, 0.11398261040449142, 0.04052777588367462, 0.04716514050960541, -0.02103700116276741, -0.0526806004345417, -0.1276348978281021, -0.07639116793870926, 0.010724969208240509, -0.010418074205517769, -0.014726676046848297, -0.0870465412735939, 0.023612137883901596, -0.014803729951381683, 0.17104676365852356, 0.013922637328505516, -0.04844288155436516]]
jaw_pose: [[[0.04737425968050957, 0.0032490133307874203, -0.0010883637005463243]]]
left_hand_pose: [[[0.09901312738656998, 0.18938450515270233, -0.4413125813007355], [0.1685451716184616, -0.1261070966720581, -0.6883863210678101], [-0.10945229232311249, -0.1091948002576828, -0.17082269489765167], [-0.06140114739537239, 0.09046421200037003, -0.6637400984764099], [-0.16890640556812286, 0.04550689458847046, -0.44705912470817566], [-0.000536946696229279, -0.10302963852882385, -0.2543662190437317], [-0.2987426221370697, -0.3326652944087982, -0.5847189426422119], [-0.22485500574111938, -0.011119862087070942, -0.3567529022693634], [-0.26307058334350586, -0.0620303675532341, -0.024546610191464424], [-0.026438094675540924, -0.09357679635286331, -0.6931051015853882], [-0.31847724318504333, -0.06180046871304512, -0.361243337392807], [-0.13473868370056152, -0.1480870246887207, -0.2939751148223877], [0.6667354106903076, 0.29169315099716187, 0.09478617459535599], [-0.5177386999130249, 0.10731446743011475, -0.030138453468680382], [0.596017062664032, 0.16851648688316345, -0.22929033637046814]]]
right_hand_pose: [[[-0.007866032421588898, -0.04151410982012749, 0.5995175242424011], [0.2052985280752182, 0.08871878683567047, 0.7267468571662903], [-0.11664998531341553, 0.08823665976524353, 0.09179626405239105], [-0.07266329973936081, 0.08298075944185257, 0.8435130715370178], [-0.2066403478384018, -0.01284236740320921, 0.38100960850715637], [-0.04865191876888275, 0.06872071325778961, 0.23881690204143524], [0.024791225790977478, 0.29000964760780334, 0.5029467940330505], [-0.44360223412513733, 0.09501039981842041, 0.3741680979728699], [-0.23036667704582214, 0.1869734227657318, -0.0009633094305172563], [0.06422404199838638, 0.16899290680885315, 0.7095757722854614], [-0.38546988368034363, 0.08219052106142044, 0.3769690692424774], [-0.18906870484352112, 0.1947299987077713, 0.3383106589317322], [0.7892336249351501, -0.005318493116647005, 0.008804259821772575], [-0.47745582461357117, 0.0007023870712146163, 0.2990925908088684], [0.5479320883750916, -0.2014354169368744, 0.13214701414108276]]]
scale: [[1.0429710149765015]]
smpl_joints: [[0.010657237842679024, -0.08164598047733307, 0.03720498085021973], [0.05708441138267517, 0.014157603494822979, 0.004003636538982391], [-0.05182337015867233, 0.025091297924518585, 0.040495600551366806], [0.00024015568487811834, -0.19326743483543396, 0.004422269761562347], [0.1980668306350708, 0.36135074496269226, 0.12381032109260559], [-0.13663938641548157, 0.3888695538043976, 0.06092437729239464], [0.013524210080504417, -0.33004462718963623, 0.004536173306405544], [0.18498511612415314, 0.775107741355896, 0.16281038522720337], [-0.17192968726158142, 0.7263611555099487, -0.18896867334842682], [0.014594283886253834, -0.3846094608306885, 0.03272322565317154], [0.2856746017932892, 0.8190045952796936, 0.2570626437664032], [-0.21170419454574585, 0.8329872488975525, -0.10125898569822311], [0.015014264732599258, -0.5498635172843933, 0.0185646153986454], [0.06806062906980515, -0.4641595184803009, 0.016468461602926254], [-0.023760439828038216, -0.47401997447013855, 0.04200045019388199], [0.052790507674217224, -0.7075251936912537, 0.02245543897151947], [0.17950519919395447, -0.44709840416908264, -0.058730367571115494], [-0.1304204910993576, -0.5166570544242859, 0.07185040414333344], [0.1313554048538208, -0.1867121309041977, -0.1321692317724228], [-0.22901839017868042, -0.25820550322532654, 0.1295347958803177], [0.15502868592739105, 0.018645470961928368, 0.0312938429415226], [-0.19016148149967194, -0.18772169947624207, 0.37664157152175903], [0.08386200666427612, 0.16345152258872986, 0.08967333287000656], [-0.16688930988311768, -0.13840943574905396, 0.53382408618927]]
