betas: [[-0.12479658424854279, 0.3115021288394928, -0.5740725994110107, -0.6095987558364868, -1.0090049505233765, -0.07842732220888138, -0.5663655400276184, -0.005108335521072149, -0.41131874918937683, -0.10720201581716537, -0.7958084344863892, 0.5841721296310425, -0.3405640125274658, -0.5719107985496521, -0.21871988475322723, -0.2821391522884369, 0.16955260932445526, -0.5501279830932617, -0.47506794333457947, 0.14278410375118256, 0.5478098392486572, 0.11724141240119934, -0.5737836360931396, 0.1488116830587387, -0.23373384773731232, -0.13939142227172852, 0.41568002104759216, -0.09735304117202759, 0.3671737015247345, 0.049553245306015015, 0.021702073514461517, 0.03417176380753517, 0.2129434049129486, 0.00305752526037395, -0.5574303865432739, 0.4537201523780823, -0.3161252737045288, 0.036480288952589035, -0.11303893476724625, 0.10046980530023575, 0.9416992664337158, -0.43560120463371277, -0.6287635564804077, -0.19898216426372528, -0.4214688539505005, -0.3350580632686615, -0.2974048852920532, -0.04964287579059601, 0.5596978664398193, 0.3382033109664917, -0.06810855865478516, 0.05244648456573486, 0.002121346304193139, -0.0973750576376915, -0.41146811842918396, -0.15783919394016266, -0.25816279649734497, -0.5455400347709656, -0.46081292629241943, 0.693595290184021, -0.27475523948669434, 1.022132158279419, -0.036122020334005356, -0.11324442923069, -0.581224799156189, 0.19044727087020874, 0.5552176833152771, 0.1343005895614624, 0.7264870405197144, 0.06385524570941925, 0.05437852814793587, -0.24164560437202454, -0.22572460770606995, -0.09445314854383469, 0.25397807359695435, -0.10724622756242752, -0.048264212906360626, 0.1897231489419937, 0.19382768869400024, 0.2886616289615631, 0.22613197565078735, -0.3134980797767639, 0.35009899735450745, -0.3650277853012085, -0.3719201385974884, 0.5240698456764221, 0.015483020804822445, 0.0217252466827631, -0.3527260422706604, -0.4774132966995239, -0.36907124519348145, -0.9209510684013367, -0.017646363005042076, 0.325654000043869, -0.0792958214879036, -0.11596807837486267, 0.36459413170814514, 0.565561056137085, 0.2785959839820862, 0.04740380495786667, 0.2948150634765625, -0.43265897035598755, 0.5493107438087463, -0.3543422818183899, 0.06875191628932953, 0.18944862484931946, 0.3196537494659424, 0.2209760546684265, 0.013957327231764793, -0.19078347086906433, -0.2330533117055893, -0.5615256428718567, -0.04962482303380966, 0.35098332166671753, 0.0826706737279892, -0.23347876965999603, 0.2836973965167999, -0.5072068572044373, -0.5007044076919556, 0.03614275902509689, -0.18934598565101624, 0.10303626954555511, -0.1437946856021881, -0.5190366506576538, -0.17530721426010132, -0.17457315325737, 0.09305134415626526, 0.48588356375694275, 0.3151051998138428, 0.0777476504445076, 0.12025639414787292, 0.2822064161300659, 0.14601026475429535, -0.21803709864616394, 0.026605192571878433, -0.18583784997463226, 0.3385973274707794, 0.002827355405315757, -0.23330362141132355, 0.2589612603187561, -0.4306730628013611, 0.47702670097351074, 0.10671797394752502, 0.10109022259712219, 0.08417550474405289, -0.45602625608444214, 0.23773396015167236, 0.0034159657079726458, -0.5678679943084717, 0.07878832519054413, -0.30952146649360657, -0.004037102218717337, 0.15911346673965454, 0.3001821041107178, 0.6571468114852905, -0.3250391185283661, -0.1948736160993576, -0.2564225494861603, 0.2201044261455536, -0.14559178054332733, -0.13480617105960846, 0.01710866391658783, -0.5980764031410217, 0.11609014868736267, -0.06318934261798859, -0.24840596318244934, -0.09073590487241745, -0.04619117081165314, 0.09759358316659927, -0.24312981963157654, 0.22443385422229767, 0.10090339183807373, 0.27467745542526245, -0.14286381006240845, -0.1734888255596161, -0.29281044006347656, 0.009223263710737228, 0.2307680994272232, 0.04384933039546013, -0.13972339034080505, -0.4236741364002228, 0.24193568527698517, 0.2374245822429657, -0.4937285780906677, -0.40694671869277954, -0.39681413769721985, 0.19030697643756866, 0.16738098859786987, 0.024165727198123932, 0.43824833631515503, -0.37147706747055054, 0.489214688539505, 0.1514839380979538, -0.6059739589691162, -0.06338649988174438, -0.006661539431661367, 0.522817075252533, -0.3090513050556183, -0.0645001232624054, 0.0501934289932251]]
body_pose: [[[-0.27903953194618225, 0.12538816034793854, 0.1989223212003708], [0.08953416347503662, -0.14530640840530396, -0.1333318054676056], [0.10348539054393768, 0.0865996778011322, -0.028227414935827255], [0.2821868062019348, 0.026856079697608948, -0.046266015619039536], [0.6380288600921631, 0.11023218929767609, 0.08691253513097763], [-0.004837200045585632, 0.017505096271634102, -0.05172927677631378], [-0.21070459485054016, 0.21493035554885864, -0.40471982955932617], [-0.17909406125545502, -0.1891728639602661, 0.009987113066017628], [0.03342214599251747, 0.03893342241644859, -0.04946291819214821], [-0.18152505159378052, 0.03476304933428764, 0.2311791181564331], [-0.15150503814220428, -0.14823183417320251, -0.2620510458946228], [-0.0961855873465538, -0.07989297807216644, 0.04125721752643585], [-0.08036491274833679, 0.14154918491840363, -0.3814527690410614], [-0.07196849584579468, 0.07414591312408447, 0.1486421823501587], [0.1040627732872963, 0.09164537489414215, 0.07783101499080658], [0.3190491795539856, -0.15155622363090515, -0.9959775805473328], [-0.0700116902589798, 0.23745857179164886, 0.8785684108734131], [0.5210977792739868, -0.878112256526947, 0.07489991933107376], [-0.18695951998233795, 0.8886982798576355, -0.045117780566215515], [0.024448227137327194, -0.05160093680024147, -0.0456007644534111], [-0.14302700757980347, 0.031409889459609985, -0.47519344091415405]]]
bodypose_mat: [[[[0.9726593494415283, -0.21183787286281586, 0.09517695009708405], [0.1772361397743225, 0.9419320821762085, 0.28522151708602905], [-0.1500709354877472, -0.26055455207824707, 0.9537243843078613]], [[0.9806302785873413, 0.12581230700016022, -0.1501186490058899], [-0.1387714296579361, 0.9871534705162048, -0.07918665558099747], [0.13822749257087708, 0.09848500043153763, 0.9854917526245117]], [[0.9958584308624268, 0.0326119028031826, 0.08486738801002502], [-0.02366427704691887, 0.9942561388015747, -0.10437821596860886], [-0.08778388798236847, 0.10193759948015213, 0.9909101128578186]], [[0.9985788464546204, 0.04939578101038933, 0.02000528946518898], [-0.04186930134892464, 0.9593954086303711, -0.2789400815963745], [-0.03297144174575806, 0.277706116437912, 0.9601001143455505]], [[0.9904929399490356, -0.04692831635475159, 0.12931108474731445], [0.11479360610246658, 0.7999519109725952, -0.5889816880226135], [-0.07580272108316422, 0.5982263088226318, 0.7977337837219238]], [[0.9985092282295227, 0.051661040633916855, 0.017621412873268127], [-0.0517456978559494, 0.9986507296562195, 0.004382128361612558], [-0.017371248453855515, -0.005287427455186844, 0.999835193157196]], [[0.897210419178009, 0.3656098544597626, 0.24767477810382843], [-0.4099447727203369, 0.8980908393859863, 0.15930496156215668], [-0.16419099271297455, -0.24446307122707367, 0.9556562900543213]], [[0.9821583032608032, 0.00696977274492383, -0.18792667984962463], [0.026718521490693092, 0.9840037226676941, 0.17613308131694794], [0.18614815175533295, -0.1780117005109787, 0.9662612080574036]], [[0.9980196356773376, 0.05007140338420868, 0.03807424008846283], [-0.0487707145512104, 0.9982188940048218, -0.03435632959008217], [-0.03972670063376427, 0.03243138641119003, 0.9986840486526489]], [[0.9728727340698242, -0.2309507131576538, 0.013428033329546452], [0.22468627989292145, 0.9571168422698975, 0.18287523090839386], [-0.0550873689353466, -0.17489725351333618, 0.9830443263053894]], [[0.955105721950531, 0.2682408392429352, -0.1257774829864502], [-0.24599474668502808, 0.9546197652816772, 0.16789187490940094], [0.16510513424873352, -0.12941387295722961, 0.9777486324310303]], [[0.9959632158279419, -0.037301380187273026, -0.08164363354444504], [0.044974830001592636, 0.9945310354232788, 0.09426219761371613], [0.07768101245164871, -0.09755360335111618, 0.9921939373016357]], [[0.9184084534645081, 0.36500465869903564, 0.15263542532920837], [-0.37621811032295227, 0.9251004457473755, 0.051468417048454285], [-0.1224169060587883, -0.10469324141740799, 0.9869414567947388]], [[0.9862416386604309, -0.15049244463443756, 0.06840741634368896], [0.14517083764076233, 0.9864001870155334, 0.07707163691520691], [-0.07907579094171524, -0.0660804882645607, 0.9946760535240173]], [[0.9927869439125061, -0.07274503260850906, 0.09530077129602432], [0.0822618305683136, 0.9915744066238403, -0.10006586462259293], [-0.0872185081243515, 0.10718370229005814, 0.9904062747955322]], [[0.5380321741104126, 0.7986745834350586, -0.2695187032222748], [-0.8426928520202637, 0.5021544098854065, -0.19418998062610626], [-0.019754592329263687, 0.33160191774368286, 0.9432125687599182]], [[0.6138323545455933, -0.7693026065826416, 0.17715324461460114], [0.7538003921508789, 0.6378364562988281, 0.15795432031154633], [-0.23450948297977448, 0.03658071905374527, 0.9714252948760986]], [[0.6444140672683716, -0.27197447419166565, -0.7146750092506409], [-0.14700759947299957, 0.8731134533882141, -0.4648243188858032], [0.7504127025604248, 0.4046020209789276, 0.5226642489433289]], [[0.6306264400482178, -0.038354288786649704, 0.7751381397247314], [-0.11665978282690048, 0.9827448725700378, 0.1435372680425644], [-0.7672683596611023, -0.18094585835933685, 0.6152704954147339]], [[0.9976300001144409, 0.04492970556020737, -0.05211221054196358], [-0.046190690249204636, 0.998661994934082, -0.023250479251146317], [0.05099784955382347, 0.025602474808692932, 0.9983705282211304]], [[0.8889196515083313, 0.45365169644355774, 0.06341973692178726], [-0.4580523669719696, 0.8793834447860718, 0.12989510595798492], [0.0031568624544888735, -0.14451585710048676, 0.9894974827766418]]]]
global_orient: [[[2.997804641723633, -0.02077300474047661, 0.7053278088569641]]]
globalorient_mat: [[[[0.8951069116592407, -0.02727707289159298, 0.44501644372940063], [0.0010396494762971997, -0.9979963898658752, -0.06326287239789963], [0.4458504021167755, 0.05708969384431839, -0.8932850956916809]]]]
transl: [[-0.02908485382795334, 0.2458251565694809, 0.011035146191716194]]
expression: [[-0.6245853900909424, -0.08732911199331284, 0.10178598761558533, -0.04200274497270584, -0.5271310210227966, -0.7534523010253906, -0.05038241297006607, 0.349148154258728, 0.3675283193588257, -0.18506477773189545, 0.2761372923851013, 0.44113460183143616, 0.2868043780326843, -0.39699503779411316, 0.41810929775238037, -0.035239845514297485, -0.24810466170310974, 0.044568948447704315, -0.17816269397735596, 0.11007969081401825, 0.011281734332442284, -0.13275578618049622, 0.00584585964679718, -0.1392240822315216, -0.240211620926857, 0.0634317621588707, -0.031256355345249176, 0.16600166261196136, 0.016375504434108734, -0.09656764566898346, -0.07726606726646423, -0.1654403954744339, -0.07022485136985779, -0.014029521495103836, 0.14889152348041534, 0.05615514516830444, 0.03449143469333649, -0.017497539520263672, -0.06684156507253647, -0.20782823860645294, -0.07316094636917114, -0.002703651785850525, -0.002419369760900736, -0.007691152393817902, -0.14509797096252441, 0.005951445549726486, -0.026788167655467987, 0.22935283184051514, 0.006524278316646814, -0.04935375228524208]]
jaw_pose: [[[0.04657371714711189, 0.0022069949191063643, 0.0005850507295690477]]]
left_hand_pose: [[[0.11515523493289948, 0.33284929394721985, -0.5973350405693054], [0.20861253142356873, -0.11390882730484009, -1.2214285135269165], [-0.10776412487030029, -0.19989582896232605, -0.39933380484580994], [-0.19799119234085083, 0.20797306299209595, -1.0418952703475952], [-0.22863848507404327, 0.13033443689346313, -0.8819259405136108], [0.006081202998757362, -0.14545387029647827, -0.5366862416267395], [-0.6317603588104248, -0.39175671339035034, -1.0172674655914307], [-0.4294610023498535, -0.014787381514906883, -0.6501941680908203], [-0.44912204146385193, -0.10623789578676224, -0.25417912006378174], [-0.11361946165561676, -0.168179452419281, -1.1429250240325928], [-0.5282102227210999, -0.10152138769626617, -0.7602928280830383], [-0.2721301019191742, -0.19280116260051727, -0.588707685470581], [0.8276258111000061, 0.4138030409812927, 0.15601640939712524], [-0.7114061713218689, 0.12941807508468628, -0.03072022832930088], [0.7128205299377441, 0.18249952793121338, -0.2516973912715912]]]
right_hand_pose: [[[0.06096889078617096, 0.04912088066339493, 0.4887199401855469], [0.1828540563583374, 0.05788150802254677, 0.399697870016098], [-0.1532784402370453, 0.053546249866485596, 0.012673442251980305], [-0.0516652911901474, 0.06563816219568253, 0.749925971031189], [-0.16752763092517853, 0.002500763861462474, 0.36177513003349304], [-0.0033434336073696613, 0.08422190696001053, 0.2147548496723175], [-0.19072206318378448, 0.26896747946739197, 0.6168789863586426], [-0.29682913422584534, 0.11178072541952133, 0.37106063961982727], [-0.2613791823387146, 0.09481772780418396, 0.01650846190750599], [-0.0126817487180233, 0.11600261926651001, 0.7318352460861206], [-0.3172732889652252, 0.09195191413164139, 0.4228057265281677], [-0.15797357261180878, 0.17412148416042328, 0.31102094054222107], [0.8531438708305359, -0.11447557806968689, 0.011427056975662708], [-0.4992770254611969, -0.010787839069962502, 0.2509055733680725], [0.5951685905456543, -0.1494297832250595, 0.05620063096284866]]]
scale: [[1.0325062274932861]]
smpl_joints: [[-0.02708583138883114, -0.10197082906961441, -0.023782070726156235], [0.013656064867973328, -0.007247497793287039, -0.06356025487184525], [-0.0850650817155838, 0.004962129518389702, -0.007377710659056902], [-0.04494384303689003, -0.21281374990940094, -0.05435944348573685], [0.18658411502838135, 0.34431248903274536, -0.027263687923550606], [-0.18295471370220184, 0.36588215827941895, 0.0039077806286513805], [-0.03525732830166817, -0.35049623250961304, -0.06433689594268799], [0.19321593642234802, 0.7584497928619385, -0.02944224514067173], [-0.277056485414505, 0.6855481266975403, -0.2512930929660797], [-0.026591720059514046, -0.405941903591156, -0.03838317096233368], [0.3150452673435211, 0.7976024150848389, 0.0393487885594368], [-0.3094291090965271, 0.7916248440742493, -0.15961655974388123], [-0.026916636154055595, -0.5709977149963379, -0.0542900413274765], [0.022192424163222313, -0.48406076431274414, -0.06961322575807571], [-0.05950624868273735, -0.4961546063423157, -0.020160142332315445], [0.015304413624107838, -0.7272566556930542, -0.060760773718357086], [0.10837452858686447, -0.4747826159000397, -0.17525123059749603], [-0.1518101543188095, -0.5462940335273743, 0.037451647222042084], [0.024860769510269165, -0.2157048135995865, -0.20474408566951752], [-0.2355794608592987, -0.3038780987262726, 0.15351475775241852], [0.09375107288360596, -0.03622284159064293, -0.025099625810980797], [-0.16368332505226135, -0.21529202163219452, 0.38641658425331116], [0.0367850586771965, 0.05298083648085594, 0.03654331713914871], [-0.10847821086645126, -0.16678863763809204, 0.542023777961731]]
