betas: [[-0.16192196309566498, 0.32819676399230957, -0.6178487539291382, -0.4870280921459198, -0.7772536873817444, -0.11628250032663345, -0.5593741536140442, -0.19244082272052765, -0.4729810059070587, 0.06294462829828262, -0.7685177326202393, 0.45039233565330505, -0.21222026646137238, -0.49700599908828735, -0.2166914939880371, -0.4183202385902405, 0.14760656654834747, -0.6285529732704163, -0.46979185938835144, 0.21015730500221252, 0.34842976927757263, 0.13210752606391907, -0.43280228972435, 0.1456453651189804, -0.2726670801639557, -0.13291311264038086, 0.30882880091667175, -0.08665038645267487, 0.30464306473731995, 0.03049558959901333, -0.2080770581960678, 0.1092410460114479, -0.033678460866212845, -0.19025467336177826, -0.2996911108493805, 0.64266037940979, -0.14195330440998077, -0.1497136950492859, -0.16040737926959991, 0.3586779832839966, 0.30862677097320557, -0.2939298748970032, -0.4613642990589142, 0.029067447409033775, -0.5004233121871948, -0.456532746553421, -0.3644818663597107, -0.05443505942821503, 0.5417280197143555, 0.40443578362464905, -0.01498483493924141, 0.3561924397945404, -0.028260868042707443, -0.1728956252336502, -0.43519437313079834, -0.13996830582618713, -0.33141177892684937, -0.3448263108730316, -0.5084559321403503, 0.42390331625938416, -0.4529101252555847, 0.9647651314735413, 0.010856643319129944, -0.024297375231981277, -0.5161749720573425, 0.1216290071606636, 0.5262854695320129, 0.16902287304401398, 0.7020869255065918, 0.20887692272663116, 0.14099200069904327, -0.3343908190727234, -0.34042152762413025, -0.03200817108154297, 0.2998192310333252, -0.07851225882768631, -0.08858208358287811, 0.02798960544168949, 0.22568807005882263, 0.14493678510189056, -0.0430561825633049, -0.32027995586395264, 0.3922770917415619, -0.3311901092529297, -0.2657329738140106, 0.5577852129936218, 0.07739615440368652, 0.23546065390110016, -0.30089202523231506, -0.4390890598297119, -0.35895243287086487, -0.8683382272720337, 0.018183713778853416, 0.18542547523975372, -0.2921026349067688, -0.16778115928173065, 0.29562363028526306, 0.509371817111969, 0.4001689553260803, -0.18410220742225647, 0.344225138425827, -0.41991516947746277, 0.3562784194946289, -0.38201358914375305, 0.09149383008480072, 0.2354932427406311, 0.5336088538169861, 0.43396231532096863, 0.19518113136291504, -0.16230612993240356, -0.3748006522655487, -0.5732929706573486, -0.08835620433092117, 0.39256542921066284, -0.1326753795146942, -0.19563090801239014, 0.09440170973539352, -0.6124160289764404, -0.505554735660553, -0.1495594084262848, -0.3630129396915436, 0.06913799047470093, -0.15758323669433594, -0.05260629206895828, 0.01818150095641613, -0.14145173132419586, 0.11391755193471909, 0.4228426218032837, 0.14648908376693726, -0.11918684095144272, 0.11777105927467346, 0.3589657247066498, 0.1884312480688095, -0.26351726055145264, 0.07646377384662628, -0.07316619902849197, 0.4086402356624603, 0.12394935637712479, -0.14194256067276, 0.5028353333473206, -0.35090482234954834, 0.5255924463272095, 0.1174958199262619, -0.053787827491760254, -0.04909443110227585, -0.3891528844833374, 0.16248682141304016, 0.20987634360790253, -0.5821523070335388, 0.07391436398029327, -0.11437094211578369, -0.012865347787737846, 0.21376819908618927, 0.3402104377746582, 0.6127350330352783, -0.36018332839012146, 0.2168903350830078, -0.2027561515569687, 0.3724498450756073, -0.01909419521689415, -0.10680140554904938, 0.02184135653078556, -0.4910072386264801, -0.01537240855395794, 0.03722560778260231, -0.24940729141235352, -0.2848719656467438, -0.08824113011360168, 0.17631898820400238, -0.11292357742786407, 0.39653608202934265, 0.09066464751958847, 0.5149806141853333, 0.21924449503421783, -0.19223496317863464, -0.2298697531223297, 0.08538244664669037, 0.2632744312286377, 0.19454830884933472, 0.20477503538131714, -0.36156919598579407, 0.06745664775371552, 0.38028115034103394, -0.4028221368789673, -0.5038738250732422, -0.42091792821884155, 0.13201673328876495, 0.25658363103866577, 0.03425648435950279, 0.35550111532211304, -0.043466437608003616, 0.6032525897026062, 0.09576542675495148, -0.4037308990955353, -0.08994278311729431, 0.2736663818359375, 0.5743346810340881, -0.30792364478111267, -0.16171780228614807, 0.26107701659202576]]
body_pose: [[[-0.24621710181236267, 0.08131246268749237, 0.1365402340888977], [0.03452108055353165, -0.11776801198720932, -0.10837758332490921], [0.1152307316660881, 0.019218116998672485, -0.012267183512449265], [0.24422714114189148, 0.012549329549074173, -0.04651030898094177], [0.5562503933906555, 0.05699216201901436, 0.07977396249771118], [-0.009496763348579407, 0.013771316967904568, -0.056092072278261185], [-0.19510550796985626, 0.26692894101142883, -0.4624843895435333], [-0.14922253787517548, -0.19121448695659637, 0.13947100937366486], [0.03322813659906387, 0.02106218785047531, -0.049546387046575546], [-0.11969027668237686, 0.002770808292552829, 0.11874376237392426], [-0.04765066131949425, -0.13546927273273468, -0.17342357337474823], [-0.12179391831159592, -0.12350308150053024, 0.035574886947870255], [-0.0930197685956955, 0.13520491123199463, -0.41555383801460266], [-0.03391149640083313, 0.11289660632610321, 0.21104860305786133], [0.15810002386569977, 0.10734979808330536, 0.08173763006925583], [0.38309377431869507, -0.1217750534415245, -0.8364062905311584], [-0.08781243115663528, 0.2315688580274582, 0.861433207988739], [0.1883746087551117, -0.6692866086959839, -0.08668366074562073], [0.0009144227369688451, 0.9788840413093567, -0.11887823045253754], [0.08844251930713654, 0.12319811433553696, 0.05478092283010483], [-0.04090329632163048, 0.01596705988049507, -0.5453096628189087]]]
bodypose_mat: [[[[0.9874626994132996, -0.14453314244747162, 0.06346432119607925], [0.12465549260377884, 0.9606497883796692, 0.24821975827217102], [-0.09684296697378159, -0.23719654977321625, 0.9666227102279663]], [[0.9872210621833801, 0.10586582124233246, -0.11910903453826904], [-0.10992221534252167, 0.9935457706451416, -0.02799958921968937], [0.1153760701417923, 0.040734514594078064, 0.992486298084259]], [[0.9997404217720032, 0.013344979844987392, 0.018467986956238747], [-0.011133008636534214, 0.9932934045791626, -0.11508367210626602], [-0.019879918545484543, 0.11484818160533905, 0.9931841492652893]], [[0.9988455772399902, 0.04755599424242973, 0.006769849918782711], [-0.04450688883662224, 0.9692541360855103, -0.24200288951396942], [-0.018070392310619354, 0.24142223596572876, 0.9702517986297607]], [[0.9953204393386841, -0.060165442526340485, 0.07561332732439041], [0.0910334438085556, 0.8462640643119812, -0.5249286890029907], [-0.0324062705039978, 0.5293555855751038, 0.8477810025215149]], [[0.9983325004577637, 0.0559946745634079, 0.014029724523425102], [-0.056125421077013016, 0.9983822107315063, 0.009105220437049866], [-0.01349718403071165, -0.00987746100872755, 0.9998601078987122]], [[0.8612273931503296, 0.41262495517730713, 0.2966950535774231], [-0.46331658959388733, 0.8773778080940247, 0.12468352913856506], [-0.20886610448360443, -0.24484463036060333, 0.946797788143158]], [[0.9721747040748596, -0.12348450720310211, -0.1990678608417511], [0.15183237195014954, 0.9792759418487549, 0.13403557240962982], [0.17839106917381287, -0.1605309247970581, 0.9707762598991394]], [[0.9985513091087341, 0.04986315220594406, 0.020225245505571365], [-0.04916353523731232, 0.9982210993766785, -0.03372758626937866], [-0.021871032193303108, 0.03268437460064888, 0.999226450920105]], [[0.9929628372192383, -0.11834725737571716, -0.004331718198955059], [0.11801641434431076, 0.9858207106590271, 0.11928799003362656], [-0.009847110137343407, -0.11895975470542908, 0.9928502440452576]], [[0.9758882522583008, 0.17517589032649994, -0.13021305203437805], [-0.1687479317188263, 0.9838950634002686, 0.058946289122104645], [0.13844195008277893, -0.03555181249976158, 0.9897322058677673]], [[0.9917622804641724, -0.027887947857379913, -0.12501947581768036], [0.04289061203598976, 0.9919713735580444, 0.11896742135286331], [0.120697982609272, -0.12334955483675003, 0.9849959015846252]], [[0.9060952067375183, 0.39568138122558594, 0.14975935220718384], [-0.4080502688884735, 0.9108294248580933, 0.06232753396034241], [-0.11174338310956955, -0.11758401244878769, 0.9867560863494873]], [[0.9714956879615784, -0.2109040468931198, 0.10823916643857956], [0.20709416270256042, 0.9772652983665466, 0.045437611639499664], [-0.11536135524511337, -0.021726740524172783, 0.993086040019989]], [[0.9909302592277527, -0.07269488275051117, 0.11301667243242264], [0.08960587531328201, 0.9842185974121094, -0.15259265899658203], [-0.10014040768146515, 0.16133563220500946, 0.9818058609962463]], [[0.6677072048187256, 0.6997241973876953, -0.25407299399375916], [-0.7431222200393677, 0.606341540813446, -0.28305351734161377], [-0.044004376977682114, 0.3778041899204254, 0.924839198589325]], [[0.628087043762207, -0.7601373195648193, 0.16642677783966064], [0.741128146648407, 0.6495472192764282, 0.16975687444210052], [-0.23714059591293335, 0.016721470281481743, 0.9713313579559326]], [[0.7814364433288574, 0.019261842593550682, -0.6236875057220459], [-0.14026406407356262, 0.9793658256530762, -0.14549443125724792], [0.6080156564712524, 0.20117560029029846, 0.7680138945579529]], [[0.5519662499427795, 0.1009407490491867, 0.8277344703674316], [-0.10011587291955948, 0.9934879541397095, -0.05439286306500435], [-0.8278346061706543, -0.05284631624817848, 0.5584775805473328]], [[0.9909303188323975, -0.04910765960812569, 0.12508217990398407], [0.059980034828186035, 0.9946001768112183, -0.08469261229038239], [-0.12024771422147751, 0.09142690896987915, 0.9885249733924866]], [[0.8548658490180969, 0.5181943774223328, 0.02605951763689518], [-0.5188313126564026, 0.8541742563247681, 0.03464728966355324], [-0.0043053412809967995, -0.043139275163412094, 0.9990598559379578]]]]
global_orient: [[[3.0476155281066895, -0.004268418066203594, 0.42441606521606445]]]
globalorient_mat: [[[[0.9619861841201782, -0.011644109152257442, 0.2728498578071594], [0.006154122296720743, -0.9979126453399658, -0.06428439170122147], [0.2730288505554199, 0.06351984292268753, -0.9599065184593201]]]]
transl: [[0.00886504165828228, 0.24202825129032135, 0.042569831013679504]]
expression: [[-0.3929842412471771, 0.01709578186273575, 0.1530524492263794, -0.1308853030204773, -0.5030389428138733, -0.6639169454574585, -0.18018601834774017, 0.29464399814605713, 0.3477502465248108, -0.17598320543766022, 0.1498342901468277, 0.4148852825164795, 0.2599274218082428, -0.39011329412460327, 0.4019662141799927, -0.031701333820819855, -0.23653313517570496, 0.02366255410015583, -0.1760539710521698, 0.15031592547893524, -0.01205904595553875, -0.0520104244351387, -0.032078132033348083, -0.11955120414495468, -0.19410233199596405, 0.08060825616121292, -0.006279982626438141, 0.15078172087669373, -0.012288250029087067, -0.10546980798244476, -0.06430471688508987, -0.1801120638847351, 0.0034781540744006634, -0.013502508401870728, 0.15838377177715302, 0.04351053386926651, 0.057202234864234924, -0.02405208721756935, -0.05731380730867386, -0.1502152681350708, -0.06588832288980484, 0.014539528638124466, 0.002852743025869131, -0.03495244309306145, -0.09155981242656708, 0.03460051119327545, 0.0023853667080402374, 0.17329087853431702, 0.0325666144490242, -0.03939737007021904]]
jaw_pose: [[[0.04560583084821701, 0.0031725314911454916, -0.0003485592023935169]]]
left_hand_pose: [[[0.13696400821208954, 0.1663835495710373, -0.3788900375366211], [0.12214036285877228, -0.10983743518590927, -0.7470011115074158], [-0.07865966856479645, -0.105385422706604, -0.16836988925933838], [-0.12412729114294052, 0.06400015950202942, -0.6016191840171814], [-0.10175932198762894, 0.07590150833129883, -0.5092174410820007], [-0.006663984153419733, -0.08422438055276871, -0.1850748062133789], [-0.40407323837280273, -0.3175356984138489, -0.5499614477157593], [-0.14863501489162445, 0.01246668677777052, -0.35835587978363037], [-0.299705445766449, -0.04080785810947418, 0.005455725826323032], [-0.09324485063552856, -0.1010402962565422, -0.6810933351516724], [-0.2737973630428314, -0.04701867327094078, -0.39980828762054443], [-0.147621288895607, -0.0986788272857666, -0.21324479579925537], [0.7230454683303833, 0.26569557189941406, 0.04848305881023407], [-0.468023419380188, 0.06371255218982697, 0.07015962153673172], [0.5526253581047058, 0.11249079555273056, -0.25006818771362305]]]
right_hand_pose: [[[-0.02123851887881756, -0.056894898414611816, 0.6243368983268738], [0.2128593623638153, 0.0666460171341896, 0.6895717978477478], [-0.0905822142958641, 0.10572841018438339, 0.11429081857204437], [-0.04903652146458626, 0.07037267833948135, 0.8605960011482239], [-0.1904687136411667, -0.012319293804466724, 0.37685534358024597], [-0.029478423297405243, 0.0884288102388382, 0.28017354011535645], [0.008645662106573582, 0.27446669340133667, 0.582393229007721], [-0.3757729232311249, 0.07570795714855194, 0.29699641466140747], [-0.21715699136257172, 0.17112122476100922, 0.03527998551726341], [0.06017982214689255, 0.13911806046962738, 0.7531851530075073], [-0.36379826068878174, 0.09736017137765884, 0.3695513606071472], [-0.18254224956035614, 0.16335485875606537, 0.3476870059967041], [0.5432428121566772, -0.02897755801677704, -0.1658504754304886], [-0.44470974802970886, -0.08842401206493378, 0.3333781361579895], [0.5104508996009827, -0.2692463994026184, 0.036964382976293564]]]
scale: [[1.0161166191101074]]
smpl_joints: [[0.011698444373905659, -0.10294433683156967, -0.05509500205516815], [0.05848228558897972, -0.009343494661152363, -0.08721298724412918], [-0.049044687300920486, 0.001973791979253292, -0.05036962032318115], [0.00034182186936959624, -0.21183572709560394, -0.08831409364938736], [0.19218887388706207, 0.34698283672332764, -0.018083764240145683], [-0.1346653401851654, 0.35950225591659546, -0.036674585193395615], [0.011054553091526031, -0.34568268060684204, -0.09333610534667969], [0.17889627814292908, 0.7542270421981812, -0.012321394868195057], [-0.16927504539489746, 0.7081400156021118, -0.25525274872779846], [0.012723661959171295, -0.3992166817188263, -0.06565520167350769], [0.2752860486507416, 0.8009921908378601, 0.08109995722770691], [-0.20933379232883453, 0.8092754483222961, -0.16560818254947662], [0.015587830916047096, -0.5615788698196411, -0.08059106767177582], [0.06644939631223679, -0.476384699344635, -0.08216071873903275], [-0.023742370307445526, -0.4876435399055481, -0.0571063868701458], [0.05597967281937599, -0.7159276604652405, -0.07723331451416016], [0.17581318318843842, -0.46270275115966797, -0.1582496166229248], [-0.12732243537902832, -0.5289679765701294, -0.02053973823785782], [0.1357455998659134, -0.20688699185848236, -0.23205269873142242], [-0.22603467106819153, -0.28269854187965393, 0.058664292097091675], [0.1689656376838684, 0.01586284674704075, -0.1052728220820427], [-0.1937323659658432, -0.20174749195575714, 0.29802098870277405], [0.12130670994520187, 0.1753717064857483, -0.07203695923089981], [-0.17086555063724518, -0.15660156309604645, 0.45219287276268005]]
