betas: [[-0.23084227740764618, 0.25195133686065674, -0.6087257862091064, -0.5066332221031189, -0.7953853011131287, -0.115756556391716, -0.6014797687530518, 0.018820611760020256, -0.3896430730819702, 0.023529304191470146, -0.9089605808258057, 0.4787900447845459, -0.10568489134311676, -0.4817550778388977, -0.27983179688453674, -0.31634098291397095, 0.2588244378566742, -0.5303686857223511, -0.46288225054740906, 0.25699588656425476, 0.30824699997901917, 0.1967976838350296, -0.22068949043750763, 0.13505539298057556, -0.3203281760215759, -0.18428172171115875, 0.2996008098125458, -0.0850510448217392, 0.24526295065879822, 0.054761286824941635, -0.19361154735088348, 0.07533237338066101, -0.19402262568473816, -0.07563664019107819, -0.432033509016037, 0.7306682467460632, -0.04512006416916847, 0.06099681928753853, -0.23212748765945435, 0.34856849908828735, 0.7362180948257446, -0.12960700690746307, -0.5904163718223572, 0.1275278925895691, -0.38524696230888367, -0.4073238670825958, -0.3123724162578583, -0.20251430571079254, 0.4584839940071106, 0.456544429063797, 0.19920550286769867, 0.36034896969795227, 0.025782303884625435, -0.33224186301231384, -0.4972509741783142, -0.1477058082818985, -0.3396652042865753, -0.2962784469127655, -0.6509072780609131, 0.4382128119468689, -0.39736703038215637, 0.9078499674797058, -0.0741850882768631, -0.03211167827248573, -0.6010772585868835, 0.02960311621427536, 0.5498221516609192, 0.19289067387580872, 0.5672255158424377, 0.1708560585975647, 0.16506953537464142, -0.31479716300964355, -0.38699406385421753, -0.1690582036972046, 0.46279776096343994, -0.14540643990039825, -0.27744683623313904, 0.07789316028356552, 0.3691900074481964, 0.20289553701877594, -0.10047534108161926, -0.3695564270019531, 0.20450221002101898, -0.3730486333370209, -0.4393313229084015, 0.2864321768283844, 0.19695410132408142, 0.23196673393249512, -0.1721234917640686, -0.40979745984077454, -0.26824289560317993, -0.8105902671813965, -0.21202333271503448, 0.1847345232963562, -0.4698264002799988, -0.10938943177461624, 0.3428053557872772, 0.4035949409008026, 0.3445642292499542, -0.3157361149787903, 0.28732144832611084, -0.2489306777715683, 0.4231416583061218, -0.39165762066841125, 0.009694968350231647, 0.20621433854103088, 0.4673694670200348, 0.5359238982200623, 0.18943986296653748, -0.007545991335064173, -0.3566020131111145, -0.49766597151756287, -0.0014895893400534987, 0.2549024820327759, -0.16283351182937622, -0.10300176590681076, -0.022161046043038368, -0.635989785194397, -0.47917845845222473, -0.20807698369026184, -0.32114678621292114, 0.17563265562057495, -0.13516797125339508, -0.10924584418535233, -0.09197036921977997, -0.2421283721923828, 0.1570310890674591, 0.4581604599952698, 0.0763203501701355, -0.11297772079706192, -0.10313829779624939, 0.4189007878303528, 0.25138619542121887, -0.13066105544567108, 0.1712501049041748, -0.025544876232743263, 0.3844476640224457, 0.20726126432418823, -0.03059106320142746, 0.5030336380004883, -0.4397154152393341, 0.41443440318107605, 0.11770927906036377, -0.071546770632267, 0.0325038842856884, -0.34735968708992004, 0.14134135842323303, 0.1806296408176422, -0.6050890684127808, 0.022107921540737152, -0.1406419426202774, -0.00033018444082699716, 0.20796234905719757, 0.2658917009830475, 0.5099853277206421, -0.5269222259521484, 0.21745842695236206, -0.18901406228542328, 0.44655126333236694, 0.13997280597686768, 0.005812285002321005, 0.0504237562417984, -0.45404765009880066, -0.04941801354289055, -0.19008751213550568, -0.27742382884025574, -0.40123239159584045, -0.12937869131565094, 0.08230182528495789, -0.10521692037582397, 0.38855329155921936, 0.20005150139331818, 0.4832121431827545, 0.2822023034095764, -0.26648858189582825, -0.07569358497858047, 0.05726907402276993, 0.22756589949131012, 0.11861284077167511, 0.33450374007225037, -0.3481816351413727, -0.05400735139846802, 0.2764076292514801, -0.288024365901947, -0.4895474910736084, -0.44618046283721924, 0.3097524642944336, 0.30432212352752686, 0.05419567972421646, 0.3343161940574646, -0.12989072501659393, 0.4470663368701935, 0.07981355488300323, -0.2567315995693207, 0.016618531197309494, 0.07669475674629211, 0.5406012535095215, -0.45018407702445984, -0.06906844675540924, 0.155581533908844]]
body_pose: [[[-0.33971109986305237, 0.05830265209078789, 0.11276475340127945], [-0.014205864630639553, -0.06821704655885696, -0.08854426443576813], [0.16588909924030304, 0.014378768391907215, -0.002223809016868472], [0.2558773159980774, 0.05042869970202446, -0.0428352989256382], [0.6474267840385437, 0.03381657600402832, 0.08370405435562134], [-0.0579906702041626, 0.0008229847298935056, -0.03006991557776928], [-0.12933312356472015, 0.3095291554927826, -0.3952485918998718], [-0.18729260563850403, -0.1690981388092041, 0.17129962146282196], [0.03718907758593559, 0.009372856467962265, -0.04872908815741539], [-0.0024359729140996933, 0.05339643731713295, 0.018617548048496246], [-0.03891417011618614, -0.08134759217500687, -0.002565917791798711], [-0.14469891786575317, -0.05213148891925812, 0.03487388417124748], [-0.06671927869319916, 0.16748619079589844, -0.49355053901672363], [-0.016001293435692787, 0.052492670714855194, 0.21919852495193481], [0.09272073954343796, 0.11671300232410431, 0.07207781076431274], [0.27030500769615173, -0.14200244843959808, -0.8217215538024902], [-0.02128363959491253, 0.2385241538286209, 0.9018675684928894], [0.22642472386360168, -0.8356722593307495, 0.02372209168970585], [-0.07106567919254303, 1.151467204093933, -0.1243777722120285], [0.3073478937149048, -0.0036118298303335905, 0.0830058753490448], [0.022778797894716263, 0.042468417435884476, -0.4207248389720917]]]
bodypose_mat: [[[[0.9920303225517273, -0.12010414898395538, 0.03808833286166191], [0.10051420331001282, 0.9366392493247986, 0.33556491136550903], [-0.07597776502370834, -0.32906219363212585, 0.9412466883659363]], [[0.9937597513198853, 0.08884105831384659, -0.06744453310966492], [-0.08787300437688828, 0.9959833025932312, 0.017192745581269264], [0.06870105117559433, -0.011158904992043972, 0.9975748658180237]], [[0.9998943209648132, 0.0034034275449812412, 0.01412837766110897], [-0.0010236628586426377, 0.9862697124481201, -0.16513940691947937], [-0.01449643261730671, 0.16510751843452454, 0.9861689805984497]], [[0.9978237748146057, 0.048752669245004654, 0.04439520090818405], [-0.0359240397810936, 0.9665414094924927, -0.25398263335227966], [-0.05529212951660156, 0.25183501839637756, 0.9661893844604492]], [[0.9960681200027466, -0.0673062726855278, 0.05760403349995613], [0.08843142539262772, 0.7943966388702393, -0.6009275913238525], [-0.005314255598932505, 0.6036587953567505, 0.7972251772880554]], [[0.9995477795600891, 0.030024677515029907, 0.0016939766937866807], [-0.03007238358259201, 0.997867226600647, 0.05793706327676773], [4.9177699111169204e-05, -0.05796179920434952, 0.9983189105987549]], [[0.876782238483429, 0.3582088053226471, 0.3208416700363159], [-0.3973526060581207, 0.9154451489448547, 0.06380458176136017], [-0.2708576023578644, -0.18342998623847961, 0.9449812769889832]], [[0.9712550044059753, -0.15294328331947327, -0.1824064403772354], [0.18436938524246216, 0.9680378437042236, 0.17003123462200165], [0.15057121217250824, -0.1987738311290741, 0.9684096574783325]], [[0.9987692832946777, 0.04887209087610245, 0.00846104510128498], [-0.04852363094687462, 0.9981217980384827, -0.037393536418676376], [-0.01027265377342701, 0.03693694993853569, 0.9992648363113403]], [[0.9984014630317688, -0.018672626465559006, 0.05334526300430298], [0.018542593345046043, 0.999823808670044, 0.0029315948486328125], [-0.05339059978723526, -0.001937749795615673, 0.9985718131065369]], [[0.9966902136802673, 0.0041441540233790874, -0.0811874121427536], [-0.000980724231339991, 0.9992401003837585, 0.038965705782175064], [0.0812871977686882, -0.038757115602493286, 0.9959368705749512]], [[0.9980370998382568, -0.03096562996506691, -0.054433539509773254], [0.038493379950523376, 0.9889459013938904, 0.14319272339344025], [0.0493977814912796, -0.14500698447227478, 0.9881966710090637]], [[0.8672745227813721, 0.4656909704208374, 0.17597417533397675], [-0.4766107499599457, 0.8788055777549744, 0.023302027955651283], [-0.14379553496837616, -0.1040804386138916, 0.9841189980506897]], [[0.9747061133384705, -0.21775613725185394, 0.050300825387239456], [0.21691973507404327, 0.9759506583213806, 0.02159419097006321], [-0.05379338189959526, -0.010136750526726246, 0.9985007047653198]], [[0.9906128644943237, -0.06635042279958725, 0.11951439082622528], [0.07714744657278061, 0.9931195974349976, -0.08810106664896011], [-0.11284653842449188, 0.09649428725242615, 0.9889158010482788]], [[0.6740075945854187, 0.7024553418159485, -0.228627011179924], [-0.7384433746337891, 0.6492085456848145, -0.18229006230831146], [0.020375996828079224, 0.29169297218322754, 0.9562949538230896]], [[0.5955409407615662, -0.7789303064346313, 0.1964649260044098], [0.7742114663124084, 0.6217722296714783, 0.11830395460128784], [-0.21430698037147522, 0.08165055513381958, 0.9733476042747498]], [[0.6718516945838928, -0.10970534384250641, -0.7325162291526794], [-0.0679745301604271, 0.9756647348403931, -0.208465576171875], [0.737559974193573, 0.18985038995742798, 0.6480448246002197]], [[0.40127891302108765, 0.06176185980439186, 0.9138712882995605], [-0.13481268286705017, 0.9908406138420105, -0.007767700590193272], [-0.9059805870056152, -0.12008441984653473, 0.40592971444129944]], [[0.9965775609016418, -0.08216100186109543, 0.009097332134842873], [0.0810602605342865, 0.9497503042221069, -0.30233034491539], [0.016199570149183273, 0.30203306674957275, 0.9531598091125488]], [[0.9119216799736023, 0.40873876214027405, 0.036489807069301605], [-0.4077857732772827, 0.9125544428825378, -0.030905097723007202], [-0.045931048691272736, 0.013303003273904324, 0.9988560080528259]]]]
global_orient: [[[3.091571569442749, 0.012257741764187813, 0.2876129746437073]]]
globalorient_mat: [[[[0.9828137159347534, 0.004465073347091675, 0.18454594910144806], [0.011252879165112972, -0.9992973208427429, -0.03575015813112259], [0.1842566728591919, 0.037212420254945755, -0.9821733832359314]]]]
transl: [[0.006261331029236317, 0.25767719745635986, 0.013452304527163506]]
expression: [[-0.562818169593811, -0.04150467365980148, 0.2256292849779129, -0.1754431426525116, -0.40299928188323975, -0.5761478543281555, -0.1873084455728531, 0.32992789149284363, 0.26511621475219727, -0.15568651258945465, 0.1937739998102188, 0.4082068204879761, 0.2723199129104614, -0.3994799256324768, 0.34407925605773926, 0.002720179036259651, -0.15463611483573914, 0.031019316986203194, -0.14463317394256592, 0.09364674985408783, -0.02849818579852581, -0.006113864481449127, -0.09716495871543884, -0.09195568412542343, -0.12358356267213821, 0.07387702912092209, -0.017624415457248688, 0.10962823033332825, 0.0024574920535087585, -0.09599412977695465, -0.05175691843032837, -0.15436187386512756, -0.01493778545409441, 0.029017139226198196, 0.12456810474395752, 0.036688774824142456, 0.044825948774814606, -0.026941999793052673, -0.05228985846042633, -0.13657903671264648, -0.06724713742733002, 0.02187369018793106, -0.0023783170618116856, -0.02008466050028801, -0.06398199498653412, 0.01944795623421669, -0.002746284008026123, 0.14133372902870178, 0.03378982096910477, -0.03822995349764824]]
jaw_pose: [[[0.040063779801130295, 0.0029695795383304358, -0.0007299276767298579]]]
left_hand_pose: [[[0.14720837771892548, 0.41748979687690735, -0.6423850059509277], [0.17550301551818848, -0.3185456395149231, -0.9446668028831482], [0.03169789910316467, -0.29538270831108093, -0.6635715961456299], [-0.23277325928211212, 0.24530769884586334, -1.0470073223114014], [-0.1552743762731552, 0.05567476898431778, -0.7901174426078796], [0.0016760500147938728, -0.025197338312864304, -0.714180052280426], [-0.5193358659744263, -0.5442177057266235, -0.9054704904556274], [-0.3707630932331085, -0.0451219342648983, -0.5563600063323975], [-0.5069410800933838, -0.1988944262266159, -0.3371509313583374], [-0.001593727502040565, -0.22381779551506042, -1.0925464630126953], [-0.4629180133342743, -0.33223268389701843, -0.660479724407196], [-0.2728859484195709, -0.11795534938573837, -0.7490738034248352], [0.4664918780326843, 0.3604770004749298, 0.2864244282245636], [-0.7034508585929871, 0.2023637741804123, -0.08310258388519287], [0.6633994579315186, 0.3581840693950653, -0.023832179605960846]]]
right_hand_pose: [[[0.0006673467578366399, -0.034371454268693924, 0.5271776914596558], [0.1578129082918167, 0.0975419357419014, 0.5920061469078064], [-0.07203491032123566, 0.0723053440451622, 0.1076822429895401], [0.0025776163674890995, 0.07769591361284256, 0.6628961563110352], [-0.23778195679187775, 0.007228689268231392, 0.41055652499198914], [-0.05483461543917656, 0.07653892785310745, 0.25062480568885803], [0.07705271244049072, 0.23342017829418182, 0.44582417607307434], [-0.37677958607673645, 0.10258664935827255, 0.3468987047672272], [-0.22691650688648224, 0.18134309351444244, -0.06241029500961304], [0.09908755123615265, 0.123194620013237, 0.5459343791007996], [-0.3667694330215454, 0.06078096851706505, 0.3805999755859375], [-0.16904640197753906, 0.2200317680835724, 0.34548473358154297], [0.7207476496696472, 0.059542614966630936, -0.009814607910811901], [-0.470399409532547, -0.025400301441550255, 0.3167499303817749], [0.5240405201911926, -0.26274389028549194, 0.13176904618740082]]]
scale: [[1.0261441469192505]]
smpl_joints: [[0.009842134080827236, -0.08808878809213638, -0.024314023554325104], [0.058451004326343536, 0.0061575500294566154, -0.054789893329143524], [-0.052421946078538895, 0.01704314909875393, -0.028318123891949654], [0.002672705100849271, -0.19884316623210907, -0.05508553236722946], [0.17842558026313782, 0.3589265048503876, 0.05413138493895531], [-0.13262180984020233, 0.37724506855010986, -0.012691940180957317], [0.015256631188094616, -0.3337831497192383, -0.04800895228981972], [0.1603660136461258, 0.7674329280853271, 0.08286340534687042], [-0.15350911021232605, 0.711014986038208, -0.2593328356742859], [0.012506707571446896, -0.386727511882782, -0.018470119684934616], [0.2527693212032318, 0.8166074156761169, 0.17982201278209686], [-0.19469478726387024, 0.8175587058067322, -0.1756090521812439], [0.013504584319889545, -0.5504352450370789, -0.0264595877379179], [0.06611089408397675, -0.46609121561050415, -0.025193313136696815], [-0.0266383346170187, -0.4746004045009613, -0.01094872783869505], [0.04944591224193573, -0.7065882682800293, -0.01776374876499176], [0.1802290678024292, -0.44874307513237, -0.09121665358543396], [-0.13526999950408936, -0.5118659138679504, 0.008075473830103874], [0.13809996843338013, -0.18968652188777924, -0.16112728416919708], [-0.23477903008460999, -0.2531167268753052, 0.04285445436835289], [0.18302011489868164, 0.0034291318152099848, 0.007112054619938135], [-0.21402239799499512, -0.18082064390182495, 0.2879997491836548], [0.13982301950454712, 0.1087716817855835, 0.04584287106990814], [-0.1913783699274063, -0.1362011879682541, 0.451366662979126]]
