betas: [[-0.14693093299865723, 0.3130103051662445, -0.6092050075531006, -0.424064964056015, -0.7332375049591064, -0.04457331448793411, -0.6298381090164185, -0.2485801726579666, -0.4472733438014984, -0.02330895885825157, -0.8213951587677002, 0.463793009519577, -0.16226696968078613, -0.5332581996917725, -0.31292542815208435, -0.419767826795578, 0.1031237319111824, -0.4681818187236786, -0.5476813316345215, 0.2739168703556061, 0.37483346462249756, 0.18181662261486053, -0.24308791756629944, 0.19418160617351532, -0.346589058637619, -0.18827280402183533, 0.3726781904697418, -0.13905124366283417, 0.2680930197238922, 0.10069255530834198, -0.3323880434036255, -0.08662544935941696, -0.15429429709911346, -0.20937053859233856, -0.35748404264450073, 0.7306017279624939, -0.19960859417915344, -0.21354886889457703, -0.2863285541534424, 0.36176297068595886, 0.6649126410484314, -0.306198388338089, -0.4829789400100708, 0.03821362555027008, -0.3412875235080719, -0.43553948402404785, -0.0455058328807354, -0.2673560082912445, 0.5433802008628845, 0.41361796855926514, 0.2427329272031784, 0.37684887647628784, 0.1069301962852478, -0.37849390506744385, -0.4157443046569824, -0.15142008662223816, -0.4136601388454437, -0.20425868034362793, -0.7034084796905518, 0.5337931513786316, -0.3907882571220398, 0.9276922941207886, -0.12860910594463348, -0.06033330410718918, -0.5866079926490784, 0.12485300749540329, 0.5760294795036316, 0.23169265687465668, 0.6517887711524963, 0.16430990397930145, 0.16008172929286957, -0.3464464545249939, -0.29031819105148315, -0.2516022324562073, 0.470328688621521, -0.12509141862392426, -0.21081632375717163, 0.012419432401657104, 0.4292948842048645, 0.16229763627052307, -0.038726091384887695, -0.3477861285209656, 0.3509571850299835, -0.4271092116832733, -0.29173216223716736, 0.40318402647972107, 0.275712788105011, 0.19706864655017853, -0.0933651402592659, -0.3601391911506653, -0.41604378819465637, -0.940082848072052, -0.09921330213546753, 0.34117549657821655, -0.38529419898986816, -0.21613559126853943, 0.25110742449760437, 0.5554104447364807, 0.4021499752998352, -0.1491992026567459, 0.22596141695976257, -0.479230135679245, 0.4191993772983551, -0.4705929756164551, -0.05378846451640129, 0.0207273680716753, 0.5516928434371948, 0.5161188840866089, 0.2271757572889328, -0.17254339158535004, -0.2123832106590271, -0.5239655375480652, -0.06981053203344345, 0.4639335870742798, -0.19854974746704102, -0.21629786491394043, -3.320704854559153e-05, -0.6533632874488831, -0.45387277007102966, -0.06611653417348862, -0.4978238344192505, 0.023028019815683365, -0.2073284536600113, 0.11790592223405838, -0.12067613750696182, -0.21435491740703583, 0.11923634260892868, 0.4967772662639618, 0.06540512293577194, -0.04429959878325462, 0.07210709154605865, 0.5056030750274658, 0.1754029244184494, -0.10770754516124725, 0.20547573268413544, 0.07908328622579575, 0.38296276330947876, 0.05909685045480728, -0.07248784601688385, 0.5149686932563782, -0.40443024039268494, 0.39134886860847473, 0.1796039640903473, -0.19137130677700043, -0.12182646989822388, -0.3352903723716736, 0.1889183074235916, 0.19473005831241608, -0.6888805031776428, 0.20931562781333923, -0.044648461043834686, -0.00038675832911394536, 0.13376730680465698, 0.26461759209632874, 0.6326855421066284, -0.2461090385913849, 0.2733180820941925, -0.28287360072135925, 0.3997853994369507, 0.03646385297179222, 0.03714900091290474, 0.041629280894994736, -0.5473480224609375, 0.08558353781700134, -0.14882327616214752, -0.16649185121059418, -0.39156997203826904, -0.12668843567371368, 0.2512616813182831, -0.12407185882329941, 0.38904401659965515, 0.17408788204193115, 0.7072658538818359, 0.3059496283531189, -0.2443508803844452, -0.1909324824810028, 0.08125825226306915, 0.3124576508998871, 0.18214808404445648, 0.2749289274215698, -0.5859476327896118, -0.013383906334638596, 0.026471493765711784, -0.4736846089363098, -0.5888606309890747, -0.46607568860054016, 0.1562632918357849, 0.3344915211200714, -0.01851205714046955, 0.22770056128501892, -0.16784198582172394, 0.5685677528381348, 0.2771626114845276, -0.3957934081554413, -0.07086482644081116, 0.35994601249694824, 0.6080957651138306, -0.38508379459381104, -0.2006540149450302, 0.3107030391693115]]
body_pose: [[[-0.23538511991500854, 0.11410947889089584, 0.12038342654705048], [0.039393868297338486, -0.11388301849365234, -0.0949215292930603], [0.11113172769546509, 0.017084116116166115, -0.002326530870050192], [0.22056016325950623, 0.015733953565359116, -0.03823567181825638], [0.5790517926216125, 0.061032406985759735, 0.08628781139850616], [0.0009553014533594251, 0.010944155044853687, -0.049927596002817154], [-0.16967925429344177, 0.25923168659210205, -0.41563865542411804], [-0.11695937812328339, -0.18671955168247223, 0.15618902444839478], [0.027419516816735268, 0.016374818980693817, -0.068867988884449], [-0.04912380129098892, 0.021319260820746422, 0.1648714244365692], [-0.013355842791497707, -0.12922556698322296, -0.19861546158790588], [-0.16172462701797485, -0.11737943440675735, 0.05173176899552345], [-0.07073235511779785, 0.017083102837204933, -0.41071927547454834], [-0.024545952677726746, 0.15728503465652466, 0.23729322850704193], [0.16503342986106873, 0.14921431243419647, 0.07416317611932755], [0.2850272059440613, -0.10856706649065018, -0.8769242763519287], [-0.10716620832681656, 0.25919613242149353, 0.8095853328704834], [0.06561612337827682, -0.7128064036369324, -0.03397173807024956], [-0.02294001169502735, 0.9367121458053589, -0.10201533883810043], [0.06279212236404419, -0.13693082332611084, 0.046851709485054016], [-0.06029254570603371, -0.01912587136030197, -0.4415861964225769]]]
bodypose_mat: [[[[0.9863382577896118, -0.13206392526626587, 0.09846842288970947], [0.10538934171199799, 0.9652916193008423, 0.23896673321723938], [-0.12660963833332062, -0.22532449662685394, 0.9660221934318542]], [[0.9890318512916565, 0.09231093525886536, -0.1153029054403305], [-0.0967884361743927, 0.9947293996810913, -0.03384516388177872], [0.11157090216875076, 0.044633928686380386, 0.9927536845207214]], [[0.9998515248298645, 0.0032699229195713997, 0.016918988898396492], [-0.0013733364176005125, 0.9938286542892456, -0.11091747134923935], [-0.017177268862724304, 0.11087776720523834, 0.9936856031417847]], [[0.9991488456726074, 0.03964345157146454, 0.011403268203139305], [-0.03618771210312843, 0.975050687789917, -0.2190132737159729], [-0.019801203161478043, 0.21841418743133545, 0.9756553769111633]], [[0.9945741295814514, -0.06422458589076996, 0.08183815330266953], [0.09855683892965317, 0.8335179090499878, -0.5436307787895203], [-0.03329910337924957, 0.5487468242645264, 0.8353251218795776]], [[0.9986940026283264, 0.04991108179092407, 0.010915545746684074], [-0.04990062490105629, 0.9987534284591675, -0.0012280335649847984], [-0.010963231325149536, 0.0006817372050136328, 0.9999396800994873]], [[0.8826847076416016, 0.37576526403427124, 0.2822553515434265], [-0.41877520084381104, 0.901463508605957, 0.10950297862291336], [-0.21329547464847565, -0.21485815942287445, 0.9530692100524902]], [[0.9705500602722168, -0.14344412088394165, -0.1935364454984665], [0.16515031456947327, 0.9810780882835388, 0.10104937851428986], [0.17537946999073029, -0.13003608584403992, 0.9758752584457397]], [[0.997495710849762, 0.06902624666690826, 0.01541538629680872], [-0.06857746839523315, 0.9972540140151978, -0.0279567688703537], [-0.017302805557847023, 0.026829609647393227, 0.9994902610778809]], [[0.9862160682678223, -0.16456927359104156, 0.017173225060105324], [0.1635245978832245, 0.9852392077445984, 0.050631217658519745], [-0.025252074003219604, -0.04712507128715515, 0.9985698461532593]], [[0.9720578193664551, 0.19761507213115692, -0.12669572234153748], [-0.19589726626873016, 0.9802795648574829, 0.02600378729403019], [0.12933596968650818, -0.00045784289250150323, 0.9916006922721863]], [[0.9918020963668823, -0.041907258331775665, -0.12071595340967178], [0.060823094099760056, 0.9856355786323547, 0.15755321085453033], [0.11237931996583939, -0.16360393166542053, 0.980104386806488]], [[0.9167268872261047, 0.3983171582221985, 0.030908213928341866], [-0.3995080888271332, 0.9144051671028137, 0.06524145603179932], [-0.0022758422419428825, -0.07215666770935059, 0.9973907470703125]], [[0.9597516655921936, -0.23599451780319214, 0.15226085484027863], [0.23216000199317932, 0.971737802028656, 0.042747996747493744], [-0.1580459177494049, -0.005678578279912472, 0.9874154925346375]], [[0.9861809015274048, -0.06122884899377823, 0.15394194424152374], [0.0857415422797203, 0.9837067723274231, -0.15801694989204407], [-0.14175854623317719, 0.16903254389762878, 0.9753626585006714]], [[0.6368588805198669, 0.7418638467788696, -0.20987793803215027], [-0.7706483602523804, 0.6045560836791992, -0.20152659714221954], [-0.022622304037213326, 0.29008612036705017, 0.9567330479621887]], [[0.6602634191513062, -0.7271654009819031, 0.18783710896968842], [0.7010465860366821, 0.6864498853683472, 0.19318467378616333], [-0.26941797137260437, 0.00412979070097208, 0.9630146026611328]], [[0.7560884952545166, 0.008735835552215576, -0.6544110774993896], [-0.053539734333753586, 0.9973850846290588, -0.04854409024119377], [0.6522757411003113, 0.07174062728881836, 0.7545791268348694]], [[0.5879871249198914, 0.07759591192007065, 0.8051396608352661], [-0.09753967821598053, 0.9949262142181396, -0.02465425804257393], [-0.8029676675796509, -0.06403668969869614, 0.5925725102424622]], [[0.9895491600036621, -0.05094778165221214, -0.13489562273025513], [0.04236742854118347, 0.9969373941421509, -0.06573305279016495], [0.1378314346075058, 0.059330906718969345, 0.9886770844459534]], [[0.9039270281791687, 0.42765241861343384, -0.005404934287071228], [-0.4265182912349701, 0.9023193120956421, 0.06246594339609146], [0.031590692698955536, -0.05415935814380646, 0.9980323910713196]]]]
global_orient: [[[3.058800458908081, -0.004405786283314228, 0.3347240090370178]]]
globalorient_mat: [[[[0.97635418176651, -0.009858316741883755, 0.21595199406147003], [0.004170973785221577, -0.9979146122932434, -0.06441295146942139], [0.2161366492509842, 0.06379058957099915, -0.9742769598960876]]]]
transl: [[0.019997721537947655, 0.23990793526172638, -0.017800018191337585]]
expression: [[-0.4543413817882538, 0.0023332908749580383, 0.1755468249320984, -0.14471396803855896, -0.46253669261932373, -0.6417006850242615, -0.1908717155456543, 0.3129868507385254, 0.3207784593105316, -0.16433462500572205, 0.1351403146982193, 0.4189179837703705, 0.2469691038131714, -0.3804507255554199, 0.3781810402870178, -0.03146686404943466, -0.19485196471214294, 0.03369703143835068, -0.1742713749408722, 0.14092881977558136, -0.02520374022424221, -0.0348513200879097, -0.04384230077266693, -0.09627007693052292, -0.16149428486824036, 0.08266157656908035, -0.0236925408244133, 0.13439427316188812, -0.008185334503650665, -0.10417254269123077, -0.06200294941663742, -0.17919312417507172, -0.002387255895882845, 0.0001064203679561615, 0.1482750028371811, 0.04094935208559036, 0.05385071784257889, -0.03075501322746277, -0.06270044296979904, -0.1560770720243454, -0.0641450360417366, 0.017399948090314865, -0.003883691970258951, -0.0331687368452549, -0.07360194623470306, 0.03497637063264847, 0.0034872442483901978, 0.16163627803325653, 0.04167218506336212, -0.04079155996441841]]
jaw_pose: [[[0.048623036593198776, 0.0028517902828752995, 9.493138350080699e-05]]]
left_hand_pose: [[[0.06107518821954727, 0.43562066555023193, -0.18904709815979004], [0.11471951752901077, -0.09071511030197144, -0.1867152601480484], [-0.14410340785980225, -0.026182811707258224, -0.0637546181678772], [0.16198167204856873, 0.1383865922689438, -0.4122939705848694], [-0.17468111217021942, 0.05294926092028618, -0.13228879868984222], [0.1094348281621933, -0.08994684368371964, -0.07094866782426834], [0.07374666631221771, -0.43169671297073364, -0.3206848204135895], [0.04590592160820961, 0.11055268347263336, -0.1022505909204483], [-0.02248345874249935, -0.06057168170809746, 0.18314708769321442], [0.20105811953544617, -0.09063316881656647, -0.3942970037460327], [-0.15524449944496155, 0.024011600762605667, -0.013074642047286034], [-0.011704616248607635, -0.14973241090774536, -0.0615251325070858], [0.39045438170433044, 0.3856319785118103, 0.2034914195537567], [-0.563870370388031, 0.2535349428653717, -0.18652980029582977], [0.5877359509468079, 0.06530902534723282, 0.03967955708503723]]]
right_hand_pose: [[[-0.015851806849241257, -0.019226595759391785, 0.5953279733657837], [0.20076602697372437, 0.07776987552642822, 0.5217238664627075], [-0.1215772032737732, 0.08176244795322418, 0.07958094030618668], [-0.014057028107345104, 0.10014033317565918, 0.7833627462387085], [-0.1874055713415146, 0.012807927094399929, 0.31536900997161865], [-0.02485097013413906, 0.07908062636852264, 0.2367275357246399], [0.06427495181560516, 0.28188666701316833, 0.5306732058525085], [-0.3541954755783081, 0.10010175406932831, 0.2907972037792206], [-0.2030080407857895, 0.19241778552532196, -0.003937108907848597], [0.08753447234630585, 0.14309872686862946, 0.6576711535453796], [-0.33002251386642456, 0.10242095589637756, 0.3331325352191925], [-0.16304250061511993, 0.1671716570854187, 0.3230566382408142], [0.62523353099823, 0.034567683935165405, -0.07816013693809509], [-0.45828044414520264, -0.07571733742952347, 0.3795472979545593], [0.5392550230026245, -0.28361740708351135, 0.04403475672006607]]]
scale: [[1.0223417282104492]]
smpl_joints: [[0.0234292633831501, -0.10430440306663513, 0.005224354099482298], [0.07280562818050385, -0.010055573657155037, -0.024374516680836678], [-0.037988368421792984, 0.0015572428237646818, 0.006461951415985823], [0.013676244765520096, -0.214272141456604, -0.02879277989268303], [0.1973470151424408, 0.3515148460865021, 0.04779021069407463], [-0.11957470327615738, 0.3625499904155731, 0.012576565146446228], [0.023094529286026955, -0.3486866056919098, -0.033547062426805496], [0.1820334494113922, 0.7630041241645813, 0.0600152313709259], [-0.13687746226787567, 0.7083138227462769, -0.22074240446090698], [0.022042009979486465, -0.4021743834018707, -0.005240521393716335], [0.27670595049858093, 0.810274064540863, 0.15598724782466888], [-0.17810514569282532, 0.8171371817588806, -0.13975892961025238], [0.026194047182798386, -0.5652343034744263, -0.02005854621529579], [0.07715443521738052, -0.47967520356178284, -0.018098175525665283], [-0.01494708564132452, -0.49107638001441956, 0.0009101657778955996], [0.06304503977298737, -0.7220197319984436, -0.019716445356607437], [0.19853763282299042, -0.46493208408355713, -0.07246187329292297], [-0.12029886990785599, -0.5290369391441345, 0.03543433919548988], [0.16171936690807343, -0.20316477119922638, -0.13389015197753906], [-0.22333800792694092, -0.2845633924007416, 0.12238695472478867], [0.20043839514255524, 0.0037549566477537155, 0.019768450409173965], [-0.20144566893577576, -0.20201261341571808, 0.36469852924346924], [0.18015624582767487, 0.16224128007888794, 0.11975475400686264], [-0.1798122674226761, -0.14518091082572937, 0.524203896522522]]
