betas: [[-0.26814404129981995, 0.29149922728538513, -0.6274832487106323, -0.5218875408172607, -0.8003242015838623, -0.10448385030031204, -0.5252953767776489, -0.05780438333749771, -0.4239128828048706, -0.09188221395015717, -0.8512890934944153, 0.46602898836135864, -0.11829410493373871, -0.4834042191505432, -0.3243151605129242, -0.35479503870010376, 0.17964017391204834, -0.5185685753822327, -0.4546814560890198, 0.22076532244682312, 0.39277148246765137, 0.17242828011512756, -0.3633897602558136, 0.13295021653175354, -0.25319603085517883, -0.1713833212852478, 0.27045315504074097, -0.08149551600217819, 0.26634079217910767, 0.09507177025079727, -0.19104360044002533, -0.03295113518834114, -0.15391327440738678, -0.1324077546596527, -0.47579747438430786, 0.6727683544158936, -0.06857232004404068, 0.13007265329360962, -0.13000185787677765, 0.2667095363140106, 0.8620365262031555, -0.05639421194791794, -0.5644667744636536, -0.05310457944869995, -0.45246902108192444, -0.37124207615852356, -0.005645599216222763, -0.1410561054944992, 0.452488511800766, 0.4073428809642792, 0.2107759565114975, 0.3713652789592743, 0.01891632191836834, -0.3813219964504242, -0.44134095311164856, -0.08926896005868912, -0.3178415596485138, -0.41271480917930603, -0.6062761545181274, 0.3649476170539856, -0.3592347800731659, 0.9018889665603638, -0.13185735046863556, -0.04112260416150093, -0.5156627297401428, 0.08492337912321091, 0.5738896727561951, 0.1719018816947937, 0.5742106437683105, 0.1816457360982895, 0.1530304253101349, -0.2732231020927429, -0.3875855803489685, -0.1289883852005005, 0.37644001841545105, -0.09948112070560455, -0.2329302728176117, 0.03014490194618702, 0.2950682044029236, 0.12775656580924988, -0.11758214235305786, -0.43542101979255676, 0.19867441058158875, -0.4503188729286194, -0.4281593859195709, 0.3731248080730438, 0.14576534926891327, 0.24707326292991638, -0.18857252597808838, -0.35266998410224915, -0.2855651378631592, -0.7887503504753113, -0.09185925126075745, 0.22279946506023407, -0.4268527030944824, -0.15508601069450378, 0.3826456069946289, 0.4515915811061859, 0.47372204065322876, -0.2671457827091217, 0.2567523419857025, -0.2887728810310364, 0.37135326862335205, -0.3009272813796997, 0.037028536200523376, 0.1995687037706375, 0.4285939931869507, 0.47542208433151245, 0.1342795044183731, -0.13819248974323273, -0.3783475458621979, -0.5037016272544861, -0.0531078577041626, 0.2721119523048401, -0.09741129726171494, -0.04529788717627525, 0.06708838045597076, -0.5928406119346619, -0.5008915662765503, -0.1784360557794571, -0.2893521785736084, 0.09803102910518646, -0.17131420969963074, -0.023241523653268814, -0.000517135311383754, -0.21448034048080444, -0.09661684185266495, 0.43073585629463196, 0.08350643515586853, -0.08742354065179825, 0.012310185469686985, 0.3888187110424042, 0.12512920796871185, -0.10464636236429214, 0.0739751011133194, -0.006114291958510876, 0.3910781443119049, 0.1882450133562088, -0.08478227257728577, 0.2609787881374359, -0.391965389251709, 0.4245489239692688, 0.10858500748872757, 0.03706163540482521, 0.007965202443301678, -0.44180989265441895, 0.1314968466758728, 0.14663024246692657, -0.5668149590492249, 0.11253515630960464, -0.282409131526947, -0.015381310135126114, 0.23849111795425415, 0.2300717830657959, 0.503458559513092, -0.5207496881484985, 0.16281022131443024, -0.22121575474739075, 0.3680301308631897, 0.08531390875577927, -0.08020543307065964, 0.06866417825222015, -0.5626412034034729, -0.031205911189317703, -0.1242402046918869, -0.3480165898799896, -0.33985352516174316, -0.0985320582985878, 0.11420220136642456, -0.13940994441509247, 0.408356636762619, 0.13548986613750458, 0.44256341457366943, 0.2056305706501007, -0.2349371612071991, -0.16134527325630188, 0.12052956223487854, 0.19588454067707062, 0.15425851941108704, 0.2789597511291504, -0.30021190643310547, -0.09753713756799698, 0.27187299728393555, -0.2605210542678833, -0.47859078645706177, -0.4268144369125366, 0.26592352986335754, 0.2737323045730591, 0.050563570111989975, 0.2563178837299347, -0.1778341829776764, 0.5062280297279358, -0.043149013072252274, -0.3187657296657562, -0.12897390127182007, 0.1689613163471222, 0.5664858222007751, -0.3791668117046356, -0.13934001326560974, 0.18060755729675293]]
body_pose: [[[-0.31185799837112427, 0.059761110693216324, 0.11780684441328049], [0.020096488296985626, -0.09454243630170822, -0.08571287244558334], [0.15787161886692047, 0.020204054191708565, -0.0017080523539334536], [0.25863227248191833, 0.04750191420316696, -0.041693057864904404], [0.6707686185836792, 0.04067416489124298, 0.10145832598209381], [-0.04255392774939537, 0.013387470506131649, -0.03780405968427658], [-0.10786861926317215, 0.26139864325523376, -0.35846441984176636], [-0.2384856939315796, -0.18104203045368195, 0.16532281041145325], [0.03179359436035156, 0.0264690313488245, -0.03756561130285263], [-0.0017012723255902529, 0.02949661947786808, 0.027043785899877548], [-0.09780793637037277, -0.11811014264822006, 0.07228345423936844], [-0.11406714469194412, -0.09164287149906158, 0.027076205238699913], [-0.01888127252459526, 0.11303398013114929, -0.443910151720047], [-0.024702541530132294, 0.05288838595151901, 0.19348858296871185], [0.11521943658590317, 0.098770372569561, 0.0628078430891037], [0.2790139615535736, -0.17497345805168152, -0.8339329957962036], [-0.0339643768966198, 0.24831965565681458, 0.8829599618911743], [0.41730132699012756, -0.8723469376564026, 0.11591105908155441], [-0.1001306027173996, 1.0730122327804565, -0.07806959748268127], [0.20868675410747528, 0.0027155871503055096, 0.20970165729522705], [0.019442500546574593, 0.025862522423267365, -0.4768923223018646]]]
bodypose_mat: [[[[0.9913581609725952, -0.12479730695486069, 0.040430571883916855], [0.10633780062198639, 0.9449621438980103, 0.3094167709350586], [-0.07681974768638611, -0.3024435341358185, 0.9500666260719299]], [[0.9918688535690308, 0.08452600985765457, -0.0951397642493248], [-0.08642333000898361, 0.9961301684379578, -0.015994517132639885], [0.0934196263551712, 0.024086758494377136, 0.9953355193138123]], [[0.9997949004173279, 0.0032923107501119375, 0.019984310492873192], [-0.00010938780178548768, 0.9875630736351013, -0.15722307562828064], [-0.020253393799066544, 0.15718863904476166, 0.9873608946800232]], [[0.9980144500732422, 0.047308798879384995, 0.04158289358019829], [-0.035095665603876114, 0.965887725353241, -0.2565719783306122], [-0.052302516996860504, 0.25460314750671387, 0.9656302332878113]], [[0.9942522644996643, -0.080702044069767, 0.07035241276025772], [0.10695093125104904, 0.778609573841095, -0.6183272004127502], [-0.004876777995377779, 0.6222975850105286, 0.7827655076980591]], [[0.9991960525512695, 0.03749775514006615, 0.014183969236910343], [-0.0380672812461853, 0.9983804225921631, 0.04227669909596443], [-0.012575716711580753, -0.042782656848430634, 0.9990051984786987]], [[0.9032847881317139, 0.3322841227054596, 0.27141091227531433], [-0.35999438166618347, 0.9311425685882568, 0.058116938918828964], [-0.23341092467308044, -0.15020255744457245, 0.9607073664665222]], [[0.9702379107475281, -0.14073994755744934, -0.19705495238304138], [0.1834966093301773, 0.958305299282074, 0.21904316544532776], [0.15801069140434265, -0.248682901263237, 0.9556094408035278]], [[0.9989444017410278, 0.03796672075986862, 0.025858240202069283], [-0.037125397473573685, 0.9987893104553223, -0.03227407857775688], [-0.027052275836467743, 0.03128001093864441, 0.9991444945335388]], [[0.999199390411377, -0.027061644941568375, 0.029465733096003532], [0.027011467143893242, 0.9996329545974731, 0.002099614357575774], [-0.02951173298060894, -0.0013020206242799759, 0.9995636343955994]], [[0.9904355406761169, -0.06617546826601028, -0.12107166647911072], [0.0776999294757843, 0.9926220178604126, 0.09308160096406937], [0.11401869356632233, -0.1015985757112503, 0.9882699251174927]], [[0.9954426884651184, -0.021759305149316788, -0.09284644573926926], [0.03219347819685936, 0.9931403994560242, 0.11240828037261963], [0.08976364135742188, -0.11488503962755203, 0.98931485414505]], [[0.8969084024429321, 0.42747336626052856, 0.1132335364818573], [-0.4295704960823059, 0.9030104279518127, -0.006425344850867987], [-0.10499773919582367, -0.04287884011864662, 0.9935475587844849]], [[0.9799508452415466, -0.19282512366771698, 0.05014737322926521], [0.19152306020259857, 0.9810406565666199, 0.029633978381752968], [-0.05491078644990921, -0.019435465335845947, 0.9983021020889282]], [[0.9931651949882507, -0.05684848874807358, 0.10193712264299393], [0.06820319592952728, 0.991409182548523, -0.11160730570554733], [-0.09471669048070908, 0.11779692023992538, 0.9885103702545166]], [[0.6606478095054626, 0.7037870287895203, -0.26120567321777344], [-0.7494227886199951, 0.6385716199874878, -0.1749049872159958], [0.04370269179344177, 0.31130409240722656, 0.94930499792099]], [[0.608072817325592, -0.7680348753929138, 0.20092260837554932], [0.7601765990257263, 0.6362621784210205, 0.1315373182296753], [-0.22886468470096588, 0.07275237888097763, 0.9707359075546265]], [[0.6424442529678345, -0.26651114225387573, -0.7184965014457703], [-0.06963926553726196, 0.913395345211029, -0.40107277035713196], [0.7631616592407227, 0.3077024817466736, 0.5682459473609924]], [[0.47543278336524963, 0.01504792831838131, 0.8796231746673584], [-0.1124347522854805, 0.9926937222480774, 0.043788280338048935], [-0.8725376725196838, -0.11971863359212875, 0.47365105152130127]], [[0.9781688451766968, -0.20637446641921997, 0.02439797855913639], [0.2069370299577713, 0.9565558433532715, -0.2053728997707367], [0.019045691937208176, 0.20593823492527008, 0.9783796668052673]], [[0.8881073594093323, 0.45918577909469604, 0.02034050226211548], [-0.45869243144989014, 0.8882500529289246, -0.024760859087109566], [-0.029437286779284477, 0.01266026683151722, 0.9994864463806152]]]]
global_orient: [[[3.074373722076416, 0.013074304908514023, 0.33517536520957947]]]
globalorient_mat: [[[[0.9764862656593323, 0.0030945567414164543, 0.21555735170841217], [0.013705943711102009, -0.9987652897834778, -0.04775030538439751], [0.21514342725276947, 0.04958193376660347, -0.9753230214118958]]]]
transl: [[0.009943404234945774, 0.2534988522529602, 0.04983485862612724]]
expression: [[-0.4394582211971283, -0.07380137592554092, 0.20061258971691132, -0.12073063105344772, -0.46876612305641174, -0.6220133900642395, -0.14864005148410797, 0.3179525136947632, 0.2890617549419403, -0.1158037781715393, 0.17977605760097504, 0.4633104205131531, 0.28409135341644287, -0.4202134609222412, 0.40262091159820557, -0.02995302714407444, -0.24650266766548157, 0.03759412467479706, -0.1773931384086609, 0.152383491396904, -0.021664587780833244, -0.06146324425935745, -0.06138724088668823, -0.1239108070731163, -0.1849694401025772, 0.06704634428024292, 0.009570874273777008, 0.13221454620361328, -0.03326684236526489, -0.0996389389038086, -0.05029432475566864, -0.14351409673690796, 0.010695508681237698, 0.009712059050798416, 0.141420379281044, 0.041286200284957886, 0.05489370971918106, -0.019619416445493698, -0.05363704264163971, -0.11339537799358368, -0.08011385053396225, 0.02039348892867565, -0.004411967936903238, -0.020081400871276855, -0.08322273939847946, 0.04593620449304581, 0.0038982778787612915, 0.16522064805030823, 0.018004661425948143, -0.04280871897935867]]
jaw_pose: [[[0.042550697922706604, 0.0031579160131514072, -0.0008291273261420429]]]
left_hand_pose: [[[0.08979269117116928, 0.47473201155662537, -0.6572592854499817], [0.23321610689163208, -0.22688840329647064, -1.1992177963256836], [-0.150321826338768, -0.2501000165939331, -0.4777430593967438], [-0.2076241821050644, 0.2677449584007263, -1.1039296388626099], [-0.241245299577713, 0.08272181451320648, -0.8706395626068115], [0.03568287566304207, -0.17294156551361084, -0.6423461437225342], [-0.6547871828079224, -0.5146431922912598, -1.0255639553070068], [-0.49599865078926086, -0.03107794001698494, -0.6578589081764221], [-0.40469133853912354, -0.1274617463350296, -0.33446386456489563], [-0.10891417413949966, -0.20041760802268982, -1.193529486656189], [-0.5342928171157837, -0.19731931388378143, -0.7735581994056702], [-0.2542997896671295, -0.22138367593288422, -0.6659767627716064], [0.7030805349349976, 0.4500047564506531, 0.21585476398468018], [-0.698931097984314, 0.20054776966571808, -0.09547969698905945], [0.7686299085617065, 0.3133765757083893, -0.2055993378162384]]]
right_hand_pose: [[[-0.005947599187493324, -0.07418066263198853, 0.5218827724456787], [0.17361024022102356, 0.08527194708585739, 0.6275011897087097], [-0.06338518857955933, 0.0794760063290596, 0.13246513903141022], [-0.014859790913760662, 0.05439341813325882, 0.7430242896080017], [-0.2104392796754837, 0.008298604749143124, 0.4028944671154022], [-0.050884053111076355, 0.07566698640584946, 0.2745717763900757], [0.030942166224122047, 0.255956768989563, 0.5234774351119995], [-0.389064222574234, 0.09980767965316772, 0.33863767981529236], [-0.225266695022583, 0.1654052436351776, -0.014720826409757137], [0.07657384872436523, 0.11798925697803497, 0.648223340511322], [-0.35671496391296387, 0.0690498799085617, 0.3877354562282562], [-0.17670005559921265, 0.20528630912303925, 0.35063403844833374], [0.6434196829795837, 0.03873429074883461, -0.08349160850048065], [-0.45122140645980835, -0.05812441557645798, 0.35782763361930847], [0.5176175832748413, -0.2733716368675232, 0.05491194874048233]]]
scale: [[1.035186767578125]]
smpl_joints: [[0.01388512458652258, -0.09010309725999832, -0.0630103349685669], [0.06184123829007149, 0.0050560422241687775, -0.09419823437929153], [-0.0489797480404377, 0.01572677493095398, -0.06380511820316315], [0.005612152628600597, -0.20120073854923248, -0.09542281925678253], [0.1864071935415268, 0.3617754876613617, 0.0055062733590602875], [-0.13082830607891083, 0.37820255756378174, -0.05499262735247612], [0.018124308437108994, -0.3367685377597809, -0.09137361496686935], [0.16783282160758972, 0.7734037041664124, 0.027010632678866386], [-0.14774343371391296, 0.7022604942321777, -0.31881171464920044], [0.017257221043109894, -0.38995906710624695, -0.0618392713367939], [0.26165148615837097, 0.8245890140533447, 0.12304271757602692], [-0.18943098187446594, 0.8091393709182739, -0.23413337767124176], [0.016690686345100403, -0.5548914670944214, -0.07098948210477829], [0.07029025256633759, -0.4700744152069092, -0.07276323437690735], [-0.022260909900069237, -0.47822925448417664, -0.05223482474684715], [0.054625511169433594, -0.7114337086677551, -0.06048605963587761], [0.18671467900276184, -0.4592043161392212, -0.13937906920909882], [-0.129928320646286, -0.5182824730873108, -0.02610771358013153], [0.15322579443454742, -0.19823434948921204, -0.21290770173072815], [-0.23404358327388763, -0.26283523440361023, 0.02741629257798195], [0.19615016877651215, -0.013354181312024593, -0.03286890685558319], [-0.20511792600154877, -0.1802973598241806, 0.2701626121997833], [0.16863949596881866, 0.08997344225645065, 0.014061340130865574], [-0.18293413519859314, -0.12897343933582306, 0.42882242798805237]]
