betas: [[-0.30745917558670044, 0.3670383095741272, -0.6590249538421631, -0.5786790251731873, -0.7717140316963196, -0.09362753480672836, -0.5758793950080872, -0.15295135974884033, -0.4102369248867035, -0.0019070310518145561, -0.8924735188484192, 0.39719104766845703, -0.09637627750635147, -0.48014140129089355, -0.4474372863769531, -0.2894906997680664, 0.15865999460220337, -0.5829688906669617, -0.5144444704055786, 0.17990432679653168, 0.4078194200992584, 0.2457152009010315, -0.20827436447143555, 0.2434135228395462, -0.3298954665660858, -0.12192028015851974, 0.2555300295352936, -0.15352995693683624, 0.3269403278827667, 0.15090665221214294, -0.19822414219379425, 0.045622579753398895, -0.1234448179602623, -0.2031441479921341, -0.3044176697731018, 0.6417807936668396, 0.04480825737118721, 0.06782210618257523, -0.1930469125509262, 0.29250645637512207, 0.7968742847442627, -0.12868043780326843, -0.4635205864906311, 0.01928527094423771, -0.42088574171066284, -0.4669356048107147, -0.09664014726877213, -0.12291432172060013, 0.41192108392715454, 0.44856059551239014, 0.1398841291666031, 0.360448956489563, -0.047914598137140274, -0.4532106816768646, -0.3925325572490692, -0.20827318727970123, -0.4131207764148712, -0.3643566071987152, -0.624029278755188, 0.4666508734226227, -0.33794260025024414, 0.8590033650398254, 0.024635720998048782, -0.0030581268947571516, -0.6528676152229309, 0.09552609920501709, 0.584662914276123, 0.3037966787815094, 0.6349281072616577, 0.04976143687963486, 0.27339768409729004, -0.182709738612175, -0.30995339155197144, -0.32082751393318176, 0.37742486596107483, -0.14386910200119019, -0.30153635144233704, -0.012378079816699028, 0.3132977783679962, 0.2330516278743744, -0.06330138444900513, -0.44304370880126953, 0.2826319932937622, -0.48008760809898376, -0.41371309757232666, 0.4470804035663605, 0.27469560503959656, 0.2462373822927475, -0.26984935998916626, -0.3803356885910034, -0.3508850038051605, -0.7789787650108337, -0.08337046205997467, 0.38208603858947754, -0.3979637026786804, -0.06758158653974533, 0.45514097809791565, 0.5373378396034241, 0.3838120996952057, -0.3264942467212677, 0.24440328776836395, -0.33798664808273315, 0.4675268828868866, -0.31997203826904297, 0.05178839713335037, 0.23074328899383545, 0.5149573683738708, 0.4340977966785431, 0.21077793836593628, -0.12545572221279144, -0.4046507179737091, -0.5569822788238525, -0.23744530975818634, 0.46224915981292725, -0.20928798615932465, -0.0689045637845993, -0.0012100964086130261, -0.6273714303970337, -0.47661107778549194, -0.07391820847988129, -0.36948373913764954, 0.04808015376329422, -0.14902597665786743, -0.007483131717890501, 0.02406351827085018, -0.27179431915283203, -0.05784342810511589, 0.40979522466659546, 0.1384320706129074, -0.07433132082223892, 0.022528888657689095, 0.4531214237213135, 0.12464486062526703, 0.039168622344732285, 0.1519547402858734, -0.050896577537059784, 0.43214309215545654, 0.10867052525281906, -0.12973394989967346, 0.1912965029478073, -0.39560043811798096, 0.3393891751766205, 0.2669047713279724, -0.03744887933135033, -0.03855045512318611, -0.28729960322380066, 0.14305922389030457, 0.17898713052272797, -0.5503008365631104, 0.1569664627313614, -0.3607916831970215, -0.10587254911661148, 0.246323823928833, 0.2925829291343689, 0.6254624128341675, -0.42071038484573364, 0.1434171497821808, -0.24205586314201355, 0.3479476273059845, 0.16188938915729523, -0.007670227438211441, 0.08692792803049088, -0.41720184683799744, -0.058069318532943726, -0.11554691195487976, -0.3831852674484253, -0.40993955731391907, -0.20523931086063385, 0.13832205533981323, -0.09069627523422241, 0.23683969676494598, 0.21602056920528412, 0.4378977119922638, 0.27683958411216736, -0.2621936500072479, -0.05194942653179169, 0.1960880309343338, 0.3426712155342102, 0.10079823434352875, 0.2921348810195923, -0.25609222054481506, -0.19735030829906464, 0.1923636496067047, -0.3359100818634033, -0.5313459634780884, -0.4014241099357605, 0.25176799297332764, 0.4271757900714874, 0.11994947493076324, 0.32786521315574646, -0.17778967320919037, 0.620920717716217, -0.011328362859785557, -0.2553064227104187, -0.15493711829185486, 0.22744032740592957, 0.549997866153717, -0.34882405400276184, -0.09988899528980255, 0.12015359103679657]]
body_pose: [[[-0.31338584423065186, 0.056298594921827316, 0.11348684877157211], [0.012033998034894466, -0.09431043267250061, -0.0876445472240448], [0.1487172394990921, 0.024542437866330147, -0.005523166619241238], [0.2616862952709198, 0.010581337846815586, -0.04840976744890213], [0.6332923769950867, 0.05345864221453667, 0.08637819439172745], [-0.03326509892940521, 0.017329396679997444, -0.042165935039520264], [-0.15167425572872162, 0.29353445768356323, -0.38157421350479126], [-0.1647050827741623, -0.18275736272335052, 0.11038538813591003], [0.024304812774062157, 0.026697419583797455, -0.03710522502660751], [-0.019255075603723526, 0.03410499170422554, 0.02736964263021946], [-0.07188550382852554, -0.09786719083786011, 0.027973586693406105], [-0.12523967027664185, -0.08954354375600815, 0.025563308969140053], [-0.0064630829729139805, 0.09340912848711014, -0.41536229848861694], [-0.047549232840538025, 0.08396750688552856, 0.1875506341457367], [0.14926297962665558, 0.10697662830352783, 0.07766252011060715], [0.20616558194160461, -0.21993187069892883, -0.8982998132705688], [-0.05969204381108284, 0.23845402896404266, 0.8670820593833923], [0.4340764880180359, -0.8075932264328003, 0.14259645342826843], [-0.09330682456493378, 1.0184316635131836, -0.09413819760084152], [0.2521416246891022, -0.05208451673388481, 0.16130295395851135], [-0.028864044696092606, 0.021451203152537346, -0.46813756227493286]]]
bodypose_mat: [[[[0.9920517802238464, -0.12007591873407364, 0.037618689239025116], [0.1026000902056694, 0.9449819326400757, 0.31061622500419617], [-0.07284650951623917, -0.3042876720428467, 0.9497908353805542]], [[0.9917235374450684, 0.08683381974697113, -0.0945744514465332], [-0.08796718716621399, 0.9960922002792358, -0.007873347960412502], [0.09352121502161026, 0.016127631068229675, 0.9954866170883179]], [[0.99968421459198, 0.007323735859245062, 0.024039573967456818], [-0.003680761903524399, 0.9889473915100098, -0.14822165668010712], [-0.024859406054019928, 0.14808635413646698, 0.98866206407547]], [[0.9987795352935791, 0.04921579360961914, 0.004159949719905853], [-0.046463146805763245, 0.9647971987724304, -0.2588580548763275], [-0.016753416508436203, 0.25834882259368896, 0.9659064412117004]], [[0.9950149655342102, -0.06422138959169388, 0.0762944445014], [0.09693153202533722, 0.8026468753814697, -0.5885255336761475], [-0.02344156987965107, 0.5929870009422302, 0.8048707246780396]], [[0.9989611506462097, 0.041855402290821075, 0.018021343275904655], [-0.04243171215057373, 0.9985582232475281, 0.03288218751549721], [-0.016619060188531876, -0.033612702041864395, 0.9992968440055847]], [[0.8865587115287781, 0.3437850773334503, 0.309556782245636], [-0.3873694837093353, 0.9174727201461792, 0.09049185365438461], [-0.2529001235961914, -0.20013919472694397, 0.9465652704238892]], [[0.9773451089859009, -0.0940929502248764, -0.18958617746829987], [0.12401207536458969, 0.9804624915122986, 0.15269038081169128], [0.17151503264904022, -0.17274220287799835, 0.9699189066886902]], [[0.9989554286003113, 0.037413015961647034, 0.02623467706143856], [-0.03676429018378258, 0.9990164041519165, -0.024789156392216682], [-0.027136312797665596, 0.023798763751983643, 0.9993483424186707]], [[0.9990440011024475, -0.027687514200806618, 0.03382856771349907], [0.027030950412154198, 0.9994401931762695, 0.01971438340842724], [-0.03435547277331352, -0.01878111995756626, 0.9992331266403198]], [[0.9948263764381409, -0.024388175457715988, -0.09861824661493301], [0.03141431510448456, 0.9970288276672363, 0.07033251971006393], [0.09660995751619339, -0.07306668162345886, 0.9926367402076721]], [[0.9956730604171753, -0.019863834604620934, -0.09077801555395126], [0.031055498868227005, 0.9918473362922668, 0.12358970195055008], [0.08758296817541122, -0.1258740872144699, 0.9881725311279297]], [[0.9107353687286377, 0.4026278853416443, 0.09193430095911026], [-0.40322253108024597, 0.9150118827819824, -0.012838439084589481], [-0.089290089905262, -0.025377560406923294, 0.9956822991371155]], [[0.9789652824401855, -0.1881520301103592, 0.07890387624502182], [0.18417422473430634, 0.9813511967658997, 0.05504239350557327], [-0.08778875321149826, -0.03935253247618675, 0.9953615069389343]], [[0.9912911653518677, -0.06919155269861221, 0.11204610764980316], [0.08510636538267136, 0.9858913421630859, -0.14413563907146454], [-0.10049232095479965, 0.15241622924804688, 0.9831939935684204]], [[0.6033977270126343, 0.7487635612487793, -0.27434349060058594], [-0.7908134460449219, 0.6061176657676697, -0.08506204932928085], [0.10259304940700531, 0.2682807445526123, 0.9578623175621033]], [[0.6222931146621704, -0.7610242366790771, 0.18328505754470825], [0.747728168964386, 0.6471860408782959, 0.14850188791751862], [-0.23163306713104248, 0.04463569447398186, 0.9717786908149719]], [[0.6871742010116577, -0.2860560715198517, -0.667805016040802], [-0.04006059840321541, 0.9028990864753723, -0.42798176407814026], [0.7253873348236084, 0.3208507001399994, 0.6089893579483032]], [[0.5213544368743896, 0.03495921567082405, 0.8526237607002258], [-0.12192142754793167, 0.9919613599777222, 0.033879056572914124], [-0.8445854783058167, -0.12161611765623093, 0.521425724029541]], [[0.9857444763183594, -0.16534878313541412, -0.031107265502214432], [0.1523168385028839, 0.955546498298645, -0.2524488866329193], [0.07146656513214111, 0.24411192536354065, 0.9671100974082947]], [[0.8921959400177002, 0.4508223831653595, 0.027304671704769135], [-0.45143023133277893, 0.8920129537582397, 0.02288568578660488], [-0.01403873972594738, -0.032744672149419785, 0.9993652105331421]]]]
global_orient: [[[3.0666420459747314, 0.009760240092873573, 0.3204050362110138]]]
globalorient_mat: [[[[0.978401780128479, 0.00024246271641459316, 0.206712007522583], [0.012340113520622253, -0.9982843995094299, -0.05723683908581734], [0.20634348690509796, 0.05855147913098335, -0.976726233959198]]]]
transl: [[0.012805755250155926, 0.2523042857646942, 0.0072519006207585335]]
expression: [[-0.6055681109428406, -0.02793591469526291, 0.17841744422912598, -0.20654979348182678, -0.46036621928215027, -0.6265769600868225, -0.13363179564476013, 0.40415942668914795, 0.31199657917022705, -0.2836010754108429, 0.32642918825149536, 0.3661775290966034, 0.31109002232551575, -0.4638253450393677, 0.39927536249160767, 0.03962024301290512, -0.11441806703805923, 0.07554780691862106, -0.14129343628883362, 0.025067560374736786, 0.0037798192352056503, -0.00927041471004486, -0.12101417779922485, -0.12327726930379868, -0.1400465965270996, 0.06335475295782089, -0.012513034045696259, 0.1321198046207428, 0.04277186095714569, -0.06588490307331085, -0.05584612488746643, -0.15847350656986237, -0.03051343932747841, 0.055135201662778854, 0.12904831767082214, 0.031215162947773933, 0.04478030651807785, -0.002125013619661331, -0.07106565684080124, -0.1875903606414795, -0.08454010635614395, 0.045088112354278564, 0.025530679151415825, -0.03068278357386589, -0.07934144884347916, -0.011416684836149216, -0.01041318103671074, 0.1634155660867691, 0.041292980313301086, -0.034024134278297424]]
jaw_pose: [[[0.040952615439891815, 0.002878644037991762, -0.00018126283248420805]]]
left_hand_pose: [[[0.1214011088013649, 0.4507608711719513, -0.5857592225074768], [0.2120043784379959, -0.23448839783668518, -1.239390254020691], [-0.13303114473819733, -0.17240525782108307, -0.5466155409812927], [-0.2099909484386444, 0.18617096543312073, -1.041499137878418], [-0.23794008791446686, 0.10235429555177689, -0.8980323672294617], [0.07208939641714096, -0.13261280953884125, -0.6541069746017456], [-0.7799637913703918, -0.5320154428482056, -1.0235599279403687], [-0.3019435405731201, -0.003381989663466811, -0.6974935531616211], [-0.5250534415245056, -0.13830392062664032, -0.293775349855423], [-0.1111091747879982, -0.2692404091358185, -1.1630191802978516], [-0.5296448469161987, -0.23586265742778778, -0.7724466323852539], [-0.24780189990997314, -0.17068271338939667, -0.7186295986175537], [0.8257851004600525, 0.5173686146736145, 0.1807652711868286], [-0.8925599455833435, 0.24765406548976898, -0.12082546949386597], [0.9336351156234741, 0.2928803265094757, -0.14251568913459778]]]
right_hand_pose: [[[-0.013752647675573826, -0.03380732983350754, 0.5687722563743591], [0.177482008934021, 0.08850850909948349, 0.7017640471458435], [-0.07787608355283737, 0.1000199094414711, 0.16880293190479279], [-0.03684266284108162, 0.05282633379101753, 0.7555907964706421], [-0.23786164820194244, 0.016651542857289314, 0.5131409168243408], [-0.058090198785066605, 0.08789224177598953, 0.3345368504524231], [0.014158527366816998, 0.2523978650569916, 0.5378468036651611], [-0.4451095759868622, 0.12827181816101074, 0.3963901102542877], [-0.2571744918823242, 0.18645444512367249, 0.043440576642751694], [0.06603672355413437, 0.11184666305780411, 0.6509438753128052], [-0.4036819338798523, 0.08562589436769485, 0.488895058631897], [-0.18541808426380157, 0.21689242124557495, 0.4212664067745209], [0.6831948757171631, 0.07668866217136383, -0.05247252434492111], [-0.45836734771728516, -0.0461195707321167, 0.3563801646232605], [0.5507535338401794, -0.3323363959789276, 0.11884309351444244]]]
scale: [[1.0318541526794434]]
smpl_joints: [[0.01556421723216772, -0.09201084077358246, -0.018834248185157776], [0.06383101642131805, 0.0025188522413372993, -0.048609402030706406], [-0.046557389199733734, 0.013307622633874416, -0.01921849697828293], [0.0072022718377411366, -0.2018512785434723, -0.052372172474861145], [0.1869484782218933, 0.3555716872215271, 0.05636027827858925], [-0.12735913693904877, 0.37336352467536926, -0.004496720619499683], [0.019237767904996872, -0.33664003014564514, -0.051096703857183456], [0.16796627640724182, 0.7642154097557068, 0.07926053553819656], [-0.14760442078113556, 0.7092577815055847, -0.2478734850883484], [0.018839741125702858, -0.3898589015007019, -0.021846061572432518], [0.259111225605011, 0.8105398416519165, 0.17877885699272156], [-0.19156678020954132, 0.8144758343696594, -0.16377303004264832], [0.018498627468943596, -0.5536043643951416, -0.034037403762340546], [0.07185454666614532, -0.46920135617256165, -0.03415530547499657], [-0.020412975922226906, -0.4778546988964081, -0.013807909563183784], [0.05646826699376106, -0.7094139456748962, -0.028194691985845566], [0.18902170658111572, -0.4603394567966461, -0.09769558906555176], [-0.12664970755577087, -0.5183159708976746, 0.013606584630906582], [0.14972521364688873, -0.19586887955665588, -0.14661647379398346], [-0.2311522513628006, -0.26865920424461365, 0.08362864702939987], [0.2000151425600052, -0.018436044454574585, 0.03741701692342758], [-0.21094118058681488, -0.19266289472579956, 0.328300803899765], [0.1707608550786972, 0.08438444882631302, 0.08849404752254486], [-0.18681281805038452, -0.14634999632835388, 0.48112282156944275]]
