betas: [[-0.24165795743465424, 0.21222713589668274, -0.6510725021362305, -0.488423228263855, -0.9148256778717041, -0.08831432461738586, -0.627654492855072, 0.13292860984802246, -0.34317293763160706, -0.06873571127653122, -0.9602530002593994, 0.5371325016021729, -0.10446488112211227, -0.5105973482131958, -0.31612637639045715, -0.23213349282741547, 0.31736987829208374, -0.6039873361587524, -0.5939579606056213, 0.23948989808559418, 0.4482273757457733, 0.21732743084430695, -0.3955501914024353, 0.07432837039232254, -0.2881907522678375, -0.22473737597465515, 0.33746981620788574, -0.07083716988563538, 0.26406583189964294, 0.10920990258455276, -0.1386287361383438, 0.20805644989013672, -0.15122173726558685, -0.030948443338274956, -0.7054415345191956, 0.7479982376098633, -0.016427956521511078, 0.033555202186107635, -0.18927128612995148, 0.2868773341178894, 0.8632568120956421, 0.018727334216237068, -0.6179395914077759, -0.05836397781968117, -0.3636755347251892, -0.45467230677604675, -0.16355979442596436, -0.1756044328212738, 0.7359941601753235, 0.4705374836921692, 0.14101755619049072, 0.31740614771842957, 0.08540751039981842, -0.38038697838783264, -0.5687743425369263, -0.043139539659023285, -0.3842635154724121, -0.20753568410873413, -0.6345826983451843, 0.3560623526573181, -0.39039942622184753, 0.9422093629837036, -0.14131073653697968, -0.14810727536678314, -0.5099121928215027, 0.04822203889489174, 0.5694222450256348, 0.24856781959533691, 0.6323817372322083, 0.16110488772392273, 0.018409857526421547, -0.22935426235198975, -0.5134729743003845, -0.15897300839424133, 0.35172703862190247, -0.08788397908210754, -0.335125207901001, 0.14392340183258057, 0.29096511006355286, 0.06696208566427231, 0.034517157822847366, -0.34969621896743774, 0.19741304218769073, -0.39395663142204285, -0.4360021948814392, 0.26808062195777893, 0.1778668612241745, 0.3366377353668213, 0.04633825644850731, -0.5062005519866943, -0.3259426951408386, -0.866877555847168, -0.2064342498779297, 0.21536780893802643, -0.39140114188194275, -0.0862557590007782, 0.4848880171775818, 0.44823670387268066, 0.3857423663139343, -0.38741037249565125, 0.369249552488327, -0.33419516682624817, 0.5310540199279785, -0.4544837772846222, -0.0659150555729866, 0.24928298592567444, 0.39322224259376526, 0.5442119836807251, 0.19993500411510468, -0.042677365243434906, -0.435909241437912, -0.3774821162223816, -0.04063272476196289, 0.31035616993904114, -0.1330869495868683, -0.0019427856896072626, 0.08847916126251221, -0.5940718054771423, -0.5027986168861389, -0.05955612286925316, -0.2302210032939911, 0.19963616132736206, -0.18679508566856384, -0.4056161940097809, 0.09906424582004547, -0.19454249739646912, 0.06364808231592178, 0.5489848256111145, 0.092231884598732, 0.006325329653918743, -0.0263246838003397, 0.45578616857528687, 0.2204015851020813, -0.1436038762331009, 0.0999208465218544, -0.008867618627846241, 0.36585330963134766, 0.13898307085037231, -0.10586684942245483, 0.43997541069984436, -0.4875858724117279, 0.4395919144153595, 0.09189574420452118, 0.0023998806718736887, -0.02602507546544075, -0.4009625017642975, 0.08830196410417557, 0.16915328800678253, -0.6579644083976746, -0.11962767690420151, -0.005366669036448002, -0.03329303860664368, 0.2565019726753235, 0.23427914083003998, 0.48046255111694336, -0.5716218948364258, 0.20720383524894714, -0.22849546372890472, 0.42583975195884705, 0.17627906799316406, -0.023708073422312737, 0.07798738032579422, -0.5440384745597839, -0.06588619202375412, -0.0863344669342041, -0.35547932982444763, -0.35698357224464417, -0.1728774756193161, 0.10021348297595978, -0.1903524398803711, 0.5172274112701416, 0.2273545116186142, 0.35249394178390503, 0.23051568865776062, -0.34082531929016113, -0.07011645287275314, -0.03814662992954254, 0.2390146106481552, 0.1388404667377472, 0.2672744691371918, -0.3085592985153198, -0.06711187213659286, -0.006210706662386656, -0.2305546998977661, -0.5423921346664429, -0.434156596660614, 0.3145197033882141, 0.22656577825546265, -0.040992941707372665, 0.3549312949180603, -0.17629538476467133, 0.5185914039611816, 0.10634408891201019, -0.18363705277442932, 0.011975426226854324, -0.01898244582116604, 0.5592657327651978, -0.49575573205947876, 0.02178150787949562, 0.14534229040145874]]
body_pose: [[[-0.3172939717769623, 0.065586157143116, 0.1061445102095604], [-0.004632961470633745, -0.0773840844631195, -0.09199477732181549], [0.16123150289058685, 0.020304584875702858, -0.011310926638543606], [0.23954378068447113, 0.057643257081508636, -0.036290429532527924], [0.7085291147232056, 0.040278274565935135, 0.09444796293973923], [-0.050984952598810196, -0.00018031570652965456, -0.04146398603916168], [-0.09269149601459503, 0.27265042066574097, -0.37637582421302795], [-0.2567821443080902, -0.17000643908977509, 0.1631116420030594], [0.04709306359291077, 0.011691601946949959, -0.040767230093479156], [0.06290198117494583, 0.0330725722014904, 0.12966005504131317], [-0.059851743280887604, -0.0991111770272255, 0.025305867195129395], [-0.1330937296152115, -0.037168972194194794, 0.054871100932359695], [0.045023974031209946, 0.12189818918704987, -0.4359269440174103], [-0.006737100891768932, 0.047247521579265594, 0.16936460137367249], [0.12272234261035919, 0.11992539465427399, -0.001389694749377668], [0.24212612211704254, -0.11078087985515594, -0.8221222162246704], [-0.02202579937875271, 0.24173732101917267, 0.9004315137863159], [0.3299950361251831, -0.7860713005065918, 0.04623091220855713], [-0.08381979167461395, 1.1347123384475708, -0.09199585765600204], [0.1963793933391571, 0.007339527364820242, 0.3156442642211914], [0.07104891538619995, 0.11012151837348938, -0.4273330867290497]]]
bodypose_mat: [[[[0.9922910928726196, -0.11440464854240417, 0.047645848244428635], [0.09379537403583527, 0.9445689916610718, 0.3146296441555023], [-0.08099988847970963, -0.3077351748943329, 0.9480180144309998]], [[0.9927830100059509, 0.09195208549499512, -0.0769847109913826], [-0.09159398823976517, 0.9957628846168518, 0.008176969364285469], [0.07741040736436844, -0.001066618482582271, 0.9969987273216248]], [[0.9997305274009705, 0.012894226238131523, 0.01930508017539978], [-0.009627711959183216, 0.986967146396637, -0.16063396632671356], [-0.02112472802400589, 0.16040480136871338, 0.9868253469467163]], [[0.9976920485496521, 0.04278489574790001, 0.05272510647773743], [-0.029048031195998192, 0.9708022475242615, -0.23811587691307068], [-0.06137341633439064, 0.23603478074073792, 0.9698045253753662]], [[0.9949500560760498, -0.07291391491889954, 0.0689791813492775], [0.10025392472743988, 0.7552599906921387, -0.6477125287055969], [-0.004869969096034765, 0.6513569355010986, 0.7587558627128601]], [[0.999140739440918, 0.041438739746809006, 0.0008764532394707203], [-0.0414295494556427, 0.9978414177894592, 0.05095199868083], [0.0012368251336738467, -0.05094452202320099, 0.9987007975578308]], [[0.894007682800293, 0.3500434160232544, 0.279678076505661], [-0.37484633922576904, 0.9262703061103821, 0.03890429064631462], [-0.2454393059015274, -0.13961704075336456, 0.9593052864074707]], [[0.972525954246521, -0.13822278380393982, -0.18731717765331268], [0.1814373880624771, 0.9541952013969421, 0.23789082467556], [0.14585521817207336, -0.2653413414955139, 0.9530583620071411]], [[0.9991010427474976, 0.041015151888132095, 0.010724171064794064], [-0.04046474024653435, 0.9980608224868774, -0.047299787402153015], [-0.012643381953239441, 0.04682330787181854, 0.9988232851028442]], [[0.9910635352134705, -0.1281498372554779, 0.03702270984649658], [0.13022640347480774, 0.9896346926689148, -0.06053284928202629], [-0.028881683945655823, 0.06481323391199112, 0.9974793195724487]], [[0.9947744011878967, -0.022284148260951042, -0.09963572770357132], [0.028209185227751732, 0.9978911280632019, 0.058459147810935974], [0.09812290221452713, -0.06096430867910385, 0.9933051466941833]], [[0.9978078007698059, -0.05220022797584534, -0.04067694768309593], [0.057138074189424515, 0.9896566867828369, 0.1315860003232956], [0.03338739275932312, -0.13362175226211548, 0.990469753742218]], [[0.8993086218833923, 0.42374539375305176, 0.10809212177991867], [-0.41835102438926697, 0.9056147336959839, -0.0696016177535057], [-0.12738317251205444, 0.01737288199365139, 0.9917014837265015]], [[0.984581470489502, -0.16865071654319763, 0.04643503949046135], [0.16833321750164032, 0.985672116279602, 0.01069310400635004], [-0.04757312685251236, -0.002711672568693757, 0.9988639950752258]], [[0.9928255677223206, 0.008723610080778599, 0.11925265192985535], [0.005957840476185083, 0.9924870729446411, -0.12220408767461777], [-0.1194227859377861, 0.1220378428697586, 0.9853145480155945]], [[0.6768079996109009, 0.7109538912773132, -0.19098536670207977], [-0.7361485958099365, 0.655038595199585, -0.1703222095966339], [0.004011546261608601, 0.255869060754776, 0.9667030572891235]], [[0.5959920883178711, -0.7779483199119568, 0.19897189736366272], [0.7729988098144531, 0.6229279041290283, 0.12014053016901016], [-0.21740826964378357, 0.08220221847295761, 0.9726132154464722]], [[0.7083579897880554, -0.16282564401626587, -0.6868164539337158], [-0.08119465410709381, 0.9477745294570923, -0.30843302607536316], [0.7011678814888, 0.27424681186676025, 0.6581431031227112]], [[0.41936323046684265, 0.030667703598737717, 0.9073004126548767], [-0.11588938534259796, 0.9930607676506042, 0.019998721778392792], [-0.9003911018371582, -0.11353319883346558, 0.42000722885131836]], [[0.9507289528846741, -0.3077090084552765, 0.03780916705727577], [0.3091337978839874, 0.9316943287849426, -0.19074058532714844], [0.023466011509299278, 0.1930307149887085, 0.9809120297431946]], [[0.9042402505874634, 0.41709253191947937, 0.0915614441037178], [-0.4093978703022003, 0.9077211618423462, -0.09184679388999939], [-0.12142085283994675, 0.04556649923324585, 0.9915547966957092]]]]
global_orient: [[[3.096925735473633, -0.0027473976369947195, 0.31810370087623596]]]
globalorient_mat: [[[[0.9791218042373657, -0.004653956741094589, 0.20322103798389435], [0.0011431657476350665, -0.9995959997177124, -0.02839949168264866], [0.20327110588550568, 0.028038877993822098, -0.9787209033966064]]]]
transl: [[-0.0031964886002242565, 0.25845688581466675, 0.051503926515579224]]
expression: [[-0.6276342868804932, -0.13298356533050537, 0.2260359227657318, -0.179275244474411, -0.32667383551597595, -0.5575795769691467, -0.19719664752483368, 0.37377113103866577, 0.20470795035362244, -0.09890769422054291, 0.186086967587471, 0.4527866840362549, 0.2648051083087921, -0.38494324684143066, 0.3169170022010803, 0.011102346703410149, -0.13223671913146973, 0.0416986420750618, -0.15019291639328003, 0.08503101021051407, -0.042736440896987915, -0.002226315438747406, -0.11177349090576172, -0.08801304548978806, -0.11167120188474655, 0.051316745579242706, -0.019835375249385834, 0.09135903418064117, -0.013920731842517853, -0.09690016508102417, -0.054229363799095154, -0.14177313446998596, -0.029317844659090042, 0.039765894412994385, 0.10817072540521622, 0.04406566917896271, 0.03139161318540573, -0.030607126653194427, -0.051099587231874466, -0.13140559196472168, -0.0673702135682106, 0.008409686386585236, -0.026257487013936043, -0.011589515954256058, -0.0677049532532692, 0.027813948690891266, -0.010188151150941849, 0.1558944433927536, 0.020077629014849663, -0.05198859050869942]]
jaw_pose: [[[0.04042460769414902, 0.0029066731221973896, -0.0008250343380495906]]]
left_hand_pose: [[[0.026595037430524826, 0.49384593963623047, -0.967319667339325], [0.3530905842781067, -0.3220958113670349, -1.4410641193389893], [-0.2735523581504822, -0.3767593502998352, -0.7824238538742065], [-0.21204955875873566, 0.2699798345565796, -1.3878235816955566], [-0.2298259437084198, 0.010247847996652126, -0.9850323796272278], [0.06059795618057251, -0.2293539196252823, -0.9562178254127502], [-0.4829796552658081, -0.5104001760482788, -1.145128607749939], [-0.7647848129272461, -0.17146167159080505, -0.7164744734764099], [-0.40817442536354065, -0.2116512954235077, -0.6601060628890991], [-0.04649367928504944, -0.2220410704612732, -1.3718416690826416], [-0.5990753173828125, -0.3594556748867035, -0.9174010157585144], [-0.2830248177051544, -0.1903073489665985, -0.9495446681976318], [0.5305249691009521, 0.3361341059207916, 0.3289569914340973], [-0.6092147827148438, 0.23958857357501984, -0.20347119867801666], [0.8060169816017151, 0.4167032837867737, -0.2096284180879593]]]
right_hand_pose: [[[-0.0006385570159181952, -0.04681259021162987, 0.4589625597000122], [0.15889176726341248, 0.1054719015955925, 0.5874848365783691], [-0.06474638730287552, 0.062457375228405, 0.09461428225040436], [-0.008400583639740944, 0.07652843743562698, 0.6504709720611572], [-0.21338970959186554, 0.01287907361984253, 0.35077986121177673], [-0.06326358765363693, 0.05953427404165268, 0.21289066970348358], [0.07631328701972961, 0.24482391774654388, 0.4145151674747467], [-0.35612988471984863, 0.0909438505768776, 0.3199312686920166], [-0.22651854157447815, 0.1427249312400818, -0.10412083566188812], [0.09643388539552689, 0.13637927174568176, 0.5629714131355286], [-0.35403719544410706, 0.05514375492930412, 0.3180995583534241], [-0.16609127819538116, 0.21701669692993164, 0.30053505301475525], [0.7414404153823853, 0.09022904932498932, 0.021781466901302338], [-0.4610620141029358, 0.04701932147145271, 0.3168727457523346], [0.496599018573761, -0.18368282914161682, 0.062310222536325455]]]
scale: [[1.0304386615753174]]
smpl_joints: [[-0.0014302165945991874, -0.08601708710193634, -0.06458859890699387], [0.04716568440198898, 0.007846176624298096, -0.09669240564107895], [-0.06265398859977722, 0.01997762732207775, -0.06829805672168732], [-0.010092112235724926, -0.19738833606243134, -0.09399339556694031], [0.1684800386428833, 0.36653536558151245, -0.0012109586969017982], [-0.14168013632297516, 0.3829334080219269, -0.058902014046907425], [0.0025184908881783485, -0.3330523371696472, -0.08698657155036926], [0.15362422168254852, 0.7773544788360596, 0.022628864273428917], [-0.1624823957681656, 0.6977167129516602, -0.3323550224304199], [0.0009303082479164004, -0.3861803412437439, -0.05770815908908844], [0.2466449737548828, 0.8304137587547302, 0.11770262569189072], [-0.20295779407024384, 0.805648922920227, -0.24908313155174255], [0.0030316931661218405, -0.5503734350204468, -0.0620306096971035], [0.05502813309431076, -0.46557289361953735, -0.06410690397024155], [-0.037263691425323486, -0.47439107298851013, -0.04734824225306511], [0.03754905238747597, -0.7062230110168457, -0.0492418110370636], [0.17287291586399078, -0.4582044780254364, -0.1251770406961441], [-0.14283542335033417, -0.5182396769523621, -0.024933690205216408], [0.13671760261058807, -0.20793846249580383, -0.2288437783718109], [-0.2556900978088379, -0.2631685435771942, 0.010011104866862297], [0.1790766417980194, 0.01263399701565504, -0.09520465135574341], [-0.2309144288301468, -0.17927804589271545, 0.25250837206840515], [0.16347499191761017, 0.09376610070466995, -0.06005394458770752], [-0.20331674814224243, -0.13568541407585144, 0.4189220070838928]]
