betas: [[-0.25072067975997925, 0.2908512055873871, -0.627031683921814, -0.5221704840660095, -0.8131683468818665, -0.10016810894012451, -0.6199288368225098, -0.03299955651164055, -0.37181195616722107, -0.01276315562427044, -0.9254416823387146, 0.4077255427837372, -0.08698812127113342, -0.4506804645061493, -0.3312559127807617, -0.23931553959846497, 0.22121661901474, -0.5475093722343445, -0.47879189252853394, 0.20893314480781555, 0.32231080532073975, 0.21086035668849945, -0.29357463121414185, 0.14041605591773987, -0.3571586608886719, -0.1595476269721985, 0.26591572165489197, -0.15085966885089874, 0.23974835872650146, 0.12277039885520935, -0.1271710842847824, 0.05819031223654747, -0.14148487150669098, -0.21148572862148285, -0.3972495198249817, 0.6618978977203369, -0.018145091831684113, 0.11796773970127106, -0.202233225107193, 0.24866780638694763, 0.8869767785072327, -0.17373356223106384, -0.5660673379898071, -0.016391383484005928, -0.33756905794143677, -0.431905597448349, -0.04061256721615791, -0.27784356474876404, 0.4873355031013489, 0.3908069133758545, 0.14278125762939453, 0.36664342880249023, 0.0072442046366631985, -0.43912631273269653, -0.46066686511039734, -0.1281692087650299, -0.3933277130126953, -0.3495885729789734, -0.5255745053291321, 0.3782680928707123, -0.4010724425315857, 0.8542618155479431, -0.10101345181465149, -0.10604413598775864, -0.5667449235916138, 0.06040843948721886, 0.5546112060546875, 0.26314032077789307, 0.5762110948562622, 0.08274703472852707, 0.16257573664188385, -0.21762128174304962, -0.3868834376335144, -0.17753884196281433, 0.3935856223106384, -0.12304998934268951, -0.2789810597896576, 0.05620916560292244, 0.24606172740459442, 0.050853926688432693, -0.06450102478265762, -0.4068804979324341, 0.26995986700057983, -0.44551095366477966, -0.4623554050922394, 0.25260093808174133, 0.10211468487977982, 0.2550395727157593, -0.11298342049121857, -0.3949323892593384, -0.30141928791999817, -0.717370331287384, -0.14908044040203094, 0.27140435576438904, -0.4124084711074829, -0.06848171353340149, 0.3812112808227539, 0.5117615461349487, 0.3776111304759979, -0.40859687328338623, 0.2029990404844284, -0.31509968638420105, 0.4232303202152252, -0.3943580389022827, -0.033630140125751495, 0.17056988179683685, 0.3803587853908539, 0.4390556514263153, 0.1996901035308838, -0.09770093858242035, -0.3901454210281372, -0.43461015820503235, -0.09355749189853668, 0.35611069202423096, -0.17793813347816467, -0.0694696381688118, -0.04215574264526367, -0.6342736482620239, -0.4750308394432068, -0.1480126976966858, -0.3470322787761688, 0.055453669279813766, -0.06813056766986847, 0.03680549934506416, -0.10487084835767746, -0.22556883096694946, -0.07869437336921692, 0.4751623570919037, 0.15491588413715363, -0.0867338478565216, 0.10376773029565811, 0.3919540047645569, 0.13781654834747314, -0.02225342020392418, 0.14574052393436432, -0.03329690918326378, 0.42761820554733276, 0.18435798585414886, -0.13149286806583405, 0.3125694990158081, -0.42290550470352173, 0.40677815675735474, 0.19511015713214874, -0.05847451463341713, -0.013082803227007389, -0.3739664554595947, 0.14079317450523376, 0.09831510484218597, -0.5397466421127319, 0.14603057503700256, -0.118892140686512, -0.033464010804891586, 0.2536740303039551, 0.2804775536060333, 0.45959943532943726, -0.504183292388916, 0.12995582818984985, -0.23648370802402496, 0.3705644905567169, 0.14323802292346954, 0.01725689135491848, 0.09858696907758713, -0.34956952929496765, -0.12246750295162201, -0.14373339712619781, -0.37786081433296204, -0.3674664795398712, -0.1376374065876007, 0.13903842866420746, -0.09835506975650787, 0.29363688826560974, 0.17276597023010254, 0.3977634012699127, 0.25646844506263733, -0.354223370552063, -0.11348029226064682, 0.10854935646057129, 0.24537014961242676, 0.13924071192741394, 0.281745582818985, -0.2823793292045593, -0.016194112598896027, 0.17142429947853088, -0.36559388041496277, -0.5102413296699524, -0.3760394752025604, 0.26521748304367065, 0.33515194058418274, 0.11461001634597778, 0.2654811441898346, -0.218069925904274, 0.483845055103302, 0.025516632944345474, -0.3380168676376343, 0.0014908837620168924, -0.03172055631875992, 0.5348398089408875, -0.3713247776031494, -0.026500942185521126, 0.1630200743675232]]
body_pose: [[[-0.3213734030723572, 0.05682917684316635, 0.11503998190164566], [0.0024510743096470833, -0.08753246814012527, -0.08838455379009247], [0.16205385327339172, 0.01782802864909172, 0.005304683931171894], [0.26612627506256104, 0.03989262506365776, -0.040282685309648514], [0.6635885238647461, 0.05338676646351814, 0.0996280163526535], [-0.05206642299890518, 0.001988121774047613, -0.04428938776254654], [-0.11825849860906601, 0.2766631543636322, -0.34617528319358826], [-0.18436847627162933, -0.17573785781860352, 0.12335234880447388], [0.048352669924497604, 0.013166691176593304, -0.04537073150277138], [0.039720356464385986, 0.06585576385259628, 0.07977811247110367], [-0.044405899941921234, -0.08236992359161377, 0.011655856855213642], [-0.13401983678340912, -0.0601780042052269, 0.04696318879723549], [-0.03584253787994385, 0.152022123336792, -0.4362195134162903], [0.0023861690424382687, 0.04376918822526932, 0.2044237107038498], [0.13360506296157837, 0.10826447606086731, 0.044393882155418396], [0.29002121090888977, -0.2003217488527298, -0.8383172154426575], [-0.017419986426830292, 0.23221611976623535, 0.8986713886260986], [0.44625526666641235, -0.869754433631897, 0.11969385296106339], [-0.04246164858341217, 1.1511502265930176, -0.12159570306539536], [0.3605479896068573, -0.055088382214307785, 0.258551687002182], [0.0342642180621624, 0.0862618237733841, -0.46377646923065186]]]
bodypose_mat: [[[[0.991849958896637, -0.12179872393608093, 0.03740011528134346], [0.10371685028076172, 0.9423214793205261, 0.31823423504829407], [-0.07400345057249069, -0.3117615580558777, 0.9472740888595581]], [[0.9922731518745422, 0.08804956823587418, -0.08741498738527298], [-0.08826383948326111, 0.996096134185791, 0.0014185159234330058], [0.08719862997531891, 0.0063080270774662495, 0.9961710572242737]], [[0.9998274445533752, -0.003839839017018676, 0.018177945166826248], [0.006722543388605118, 0.986884355545044, -0.16128899157047272], [-0.01732020452618599, 0.16138334572315216, 0.9867398738861084]], [[0.9984028339385986, 0.04506301134824753, 0.03407503291964531], [-0.034511882811784744, 0.9640000462532043, -0.263653039932251], [-0.0447293296456337, 0.2620559334754944, 0.9640156030654907]], [[0.9938496947288513, -0.0752180740237236, 0.08127180486917496], [0.10932722687721252, 0.7832360863685608, -0.6120365262031555], [-0.01761881820857525, 0.6171574592590332, 0.78664231300354]], [[0.9990177154541016, 0.04420313984155655, 0.0031391188967972994], [-0.04430662468075752, 0.9976646304130554, 0.0519818514585495], [-0.0008340267231687903, -0.05206986516714096, 0.998643159866333]], [[0.9035193920135498, 0.3180910646915436, 0.2871774137020111], [-0.35023927688598633, 0.9342535734176636, 0.06710229814052582], [-0.2469518780708313, -0.16120903193950653, 0.955524206161499]], [[0.9771036505699158, -0.10561992228031158, -0.18469683825969696], [0.13780477643013, 0.9755600094795227, 0.1711505651473999], [0.16210593283176422, -0.19268393516540527, 0.967778205871582]], [[0.9988845586776733, 0.045654378831386566, 0.01206018403172493], [-0.045017994940280914, 0.9978025555610657, -0.04861443117260933], [-0.014253146015107632, 0.04801727458834648, 0.9987448453903198]], [[0.9946547746658325, -0.07830838859081268, 0.06730387359857559], [0.08092152327299118, 0.9960329532623291, -0.037014883011579514], [-0.06413829326629639, 0.04226335510611534, 0.9970457553863525]], [[0.9965422749519348, -0.009811089374125004, -0.08250650018453598], [0.013466089963912964, 0.9989468455314636, 0.04386042803525925], [0.08198929578065872, -0.04481980949640274, 0.9956248998641968]], [[0.9970923066139221, -0.04275267943739891, -0.06308046728372574], [0.050801753997802734, 0.9899365305900574, 0.1320788413286209], [0.05679893493652344, -0.13489939272403717, 0.9892300367355347]], [[0.8951961398124695, 0.418101966381073, 0.15431952476501465], [-0.42345407605171204, 0.9059152603149414, 0.002005231799557805], [-0.1389620453119278, -0.0671423077583313, 0.988018810749054]], [[0.9782270789146423, -0.202885702252388, 0.04369403421878815], [0.20298977196216583, 0.9791786074638367, 0.0020886349957436323], [-0.04320801794528961, 0.006826282013207674, 0.9990427494049072]], [[0.9931719303131104, -0.03694751858711243, 0.1106540709733963], [0.051374226808547974, 0.9901154637336731, -0.1305069923400879], [-0.10473839193582535, 0.1353006511926651, 0.9852530360221863]], [[0.6534521579742432, 0.7003507018089294, -0.28724417090415955], [-0.7545530796051025, 0.6329348683357239, -0.173329696059227], [0.06041526049375534, 0.33000361919403076, 0.9420444369316101]], [[0.5992951989173889, -0.7769176363945007, 0.19298769533634186], [0.7731546759605408, 0.6242346167564392, 0.11208449304103851], [-0.20755000412464142, 0.08203765004873276, 0.9747782945632935]], [[0.6447617411613464, -0.28014007210731506, -0.7111988067626953], [-0.0776171013712883, 0.9016178846359253, -0.42551228404045105], [0.7604327201843262, 0.3295552134513855, 0.5595850348472595]], [[0.40167245268821716, 0.07434459775686264, 0.9127606153488159], [-0.1179976835846901, 0.9925925731658936, -0.028920480981469154], [-0.9081496000289917, -0.09608708322048187, 0.40746957063674927]], [[0.9656362533569336, -0.25979089736938477, -0.007432539481669664], [0.24025750160217285, 0.9032065868377686, -0.35566022992134094], [0.09911040216684341, 0.3416527211666107, 0.9345857501029968]], [[0.8907939195632935, 0.4481279253959656, 0.07528296858072281], [-0.44522690773010254, 0.8938694596290588, -0.052633896470069885], [-0.09087986499071121, 0.013367951847612858, 0.9957720637321472]]]]
global_orient: [[[3.0950543880462646, 0.006420900113880634, 0.31670787930488586]]]
globalorient_mat: [[[[0.9792717099189758, 0.0010141378734260798, 0.20254860818386078], [0.007196215447038412, -0.9995304346084595, -0.029787365347146988], [0.20242325961589813, 0.030627507716417313, -0.9788191914558411]]]]
transl: [[0.015792138874530792, 0.25580257177352905, -0.01734347455203533]]
expression: [[-0.47979286313056946, -0.05826445668935776, 0.20120790600776672, -0.19791296124458313, -0.35911351442337036, -0.540084958076477, -0.2251771241426468, 0.3497881591320038, 0.21745756268501282, -0.12965510785579681, 0.18669497966766357, 0.39454764127731323, 0.27522510290145874, -0.3786952495574951, 0.31662893295288086, 0.032764315605163574, -0.14974771440029144, 0.024885954335331917, -0.13152235746383667, 0.07829748094081879, -0.03538694977760315, 0.0018659979104995728, -0.12007145583629608, -0.11507634073495865, -0.13188573718070984, 0.05206052586436272, 0.0155777707695961, 0.09824617207050323, -0.01642151176929474, -0.08448712527751923, -0.03909265249967575, -0.13620787858963013, -0.021755952388048172, 0.04310128837823868, 0.10979818552732468, 0.04672345519065857, 0.04097217321395874, -0.018840409815311432, -0.04030255600810051, -0.10999426245689392, -0.08079251646995544, 0.0199754498898983, -0.0074780904687941074, -0.021760646253824234, -0.0734027847647667, 0.021000299602746964, -0.007896926254034042, 0.14354842901229858, 0.012474557384848595, -0.04632696136832237]]
jaw_pose: [[[0.03875767067074776, 0.0032467814162373543, -0.0012822507414966822]]]
left_hand_pose: [[[0.1219838336110115, 0.4157584011554718, -0.7836834788322449], [0.17777065932750702, -0.2813098132610321, -1.296083688735962], [-0.04897259920835495, -0.23450343310832977, -0.598751425743103], [-0.3025744557380676, 0.22964905202388763, -1.239203691482544], [-0.21869239211082458, 0.16055451333522797, -0.7995460033416748], [0.037905316799879074, -0.09113027900457382, -0.5728654861450195], [-0.697015106678009, -0.5477813482284546, -1.0560904741287231], [-0.21168094873428345, 0.02843979001045227, -0.5729191303253174], [-0.575998067855835, -0.1766650527715683, -0.16490724682807922], [-0.042793892323970795, -0.29900798201560974, -1.2796849012374878], [-0.5787745118141174, -0.27271437644958496, -0.5844658017158508], [-0.30246004462242126, -0.0739167109131813, -0.676329493522644], [0.7073684334754944, 0.4704802930355072, 0.2632370591163635], [-0.9657946228981018, 0.2646098732948303, -0.15179073810577393], [0.8591091632843018, 0.3128483295440674, -0.062234848737716675]]]
right_hand_pose: [[[-0.017635133117437363, -0.07063720375299454, 0.4878122806549072], [0.15835295617580414, 0.08466165512800217, 0.6024277210235596], [-0.0584229938685894, 0.06959317624568939, 0.126100093126297], [-0.0069373128935694695, 0.06227322295308113, 0.7137051820755005], [-0.22330942749977112, -0.0011657681316137314, 0.38589251041412354], [-0.0519983135163784, 0.07018905133008957, 0.2488408237695694], [0.0626145675778389, 0.2564874291419983, 0.4860084056854248], [-0.3890196979045868, 0.09447519481182098, 0.32325279712677], [-0.2095598578453064, 0.1800937056541443, -0.04719354212284088], [0.09070606529712677, 0.12381082028150558, 0.6102712154388428], [-0.362028568983078, 0.05835054814815521, 0.3551408350467682], [-0.17148476839065552, 0.2146472930908203, 0.3315955400466919], [0.6349554061889648, 0.05147913470864296, -0.08520582318305969], [-0.4532860517501831, -0.06121146306395531, 0.3776901364326477], [0.51070636510849, -0.27185872197151184, 0.05029408261179924]]]
scale: [[1.0348289012908936]]
smpl_joints: [[0.019177960231900215, -0.08935022354125977, 0.006339513696730137], [0.06780849397182465, 0.005093584768474102, -0.025996427983045578], [-0.04333624243736267, 0.016615306958556175, 0.002725910861045122], [0.010981623083353043, -0.20089660584926605, -0.024132998660206795], [0.19150158762931824, 0.3627704083919525, 0.07263942807912827], [-0.12409383058547974, 0.3796978294849396, 0.010492010042071342], [0.022236773744225502, -0.33702602982521057, -0.01672818325459957], [0.174263596534729, 0.774928629398346, 0.0867653489112854], [-0.1412799060344696, 0.7055853009223938, -0.2513298988342285], [0.020496251061558723, -0.3899916708469391, 0.013595965690910816], [0.26835715770721436, 0.8262930512428284, 0.18270277976989746], [-0.18323269486427307, 0.8154983520507812, -0.17041265964508057], [0.021745942533016205, -0.5551669597625732, 0.008662625215947628], [0.0745486170053482, -0.4699443578720093, 0.006893644575029612], [-0.018511246889829636, -0.4784626364707947, 0.023881016299128532], [0.05712468549609184, -0.7117926478385925, 0.02170480415225029], [0.19021457433700562, -0.4612305462360382, -0.05988999828696251], [-0.12654687464237213, -0.5177688598632812, 0.04659627377986908], [0.15823811292648315, -0.20049238204956055, -0.13715875148773193], [-0.2338595688343048, -0.25876906514167786, 0.07335963845252991], [0.1947329193353653, -0.01276298239827156, 0.042035266757011414], [-0.2071996033191681, -0.1737249195575714, 0.3160015642642975], [0.17083756625652313, 0.08807480335235596, 0.08346815407276154], [-0.18158137798309326, -0.12728410959243774, 0.47824785113334656]]
