betas: [[-0.2522122263908386, 0.2953452169895172, -0.6452594995498657, -0.47831401228904724, -0.8626807928085327, -0.09044799208641052, -0.6291008591651917, -0.16441389918327332, -0.3697049915790558, -0.08774152398109436, -0.8806615471839905, 0.4647239148616791, -0.07926695793867111, -0.5596325993537903, -0.37705448269844055, -0.26965194940567017, 0.17948198318481445, -0.5619075298309326, -0.513471245765686, 0.20788460969924927, 0.49055108428001404, 0.22490237653255463, -0.37313488125801086, 0.10940851271152496, -0.3233764171600342, -0.15146195888519287, 0.36745405197143555, -0.12178643047809601, 0.3059096932411194, 0.1755445897579193, -0.1815812885761261, 0.010040922090411186, -0.2449648529291153, -0.08257690072059631, -0.45989668369293213, 0.6540752649307251, -0.10509561002254486, 0.013816081918776035, -0.21486563980579376, 0.25590193271636963, 0.935069739818573, -0.1583883911371231, -0.4713405668735504, -0.1166209876537323, -0.3964964747428894, -0.4494136571884155, 0.0520118847489357, -0.19904428720474243, 0.6662951707839966, 0.3618870973587036, 0.10792450606822968, 0.36820805072784424, 0.049842286854982376, -0.3988392651081085, -0.4210728406906128, -0.044154100120067596, -0.3832189440727234, -0.37163981795310974, -0.6707181334495544, 0.385017991065979, -0.3891747295856476, 0.9512806534767151, -0.07176703214645386, 0.0010096450569108129, -0.4993974566459656, 0.07645664364099503, 0.6292007565498352, 0.2189377099275589, 0.5804020762443542, 0.13478296995162964, 0.09763439744710922, -0.23915967345237732, -0.41554126143455505, -0.06350542604923248, 0.366195410490036, -0.1146758496761322, -0.25561046600341797, -0.04989176243543625, 0.26903319358825684, 0.0194719061255455, 0.07294367253780365, -0.37424176931381226, 0.16491244733333588, -0.43731167912483215, -0.3905619978904724, 0.2744273245334625, 0.14399385452270508, 0.3143344819545746, -0.08247740566730499, -0.4310135543346405, -0.4192642271518707, -0.8422080278396606, -0.11159303039312363, 0.3247598111629486, -0.1413862109184265, -0.16794060170650482, 0.41920921206474304, 0.5390841364860535, 0.3041239380836487, -0.40970954298973083, 0.26273858547210693, -0.33814626932144165, 0.4253951609134674, -0.3905346989631653, -0.11343273520469666, 0.05022431164979935, 0.5121039152145386, 0.31072255969047546, 0.20739026367664337, -0.0832018256187439, -0.33153316378593445, -0.4319401979446411, -0.09368569403886795, 0.3384484648704529, -0.16143766045570374, -0.10411384701728821, 0.04790841415524483, -0.5898560881614685, -0.5243643522262573, -0.07430430501699448, -0.39844322204589844, -0.014285329729318619, -0.0447811558842659, -0.02863812819123268, 0.01236350741237402, -0.23197130858898163, -0.18591919541358948, 0.47756150364875793, 0.10060146450996399, -0.08667869865894318, 0.1507553607225418, 0.45236465334892273, 0.12900924682617188, -0.14362145960330963, 0.12636573612689972, -0.00045757379848510027, 0.40355628728866577, 0.14019404351711273, -0.08630016446113586, 0.34740832448005676, -0.3977118134498596, 0.3871382474899292, 0.07311137020587921, 0.08277346193790436, -0.031005989760160446, -0.41303619742393494, 0.1577431559562683, 0.23783844709396362, -0.6167135834693909, 0.06561048328876495, -0.1791006326675415, -0.038867365568876266, 0.21025413274765015, 0.22571007907390594, 0.6172606348991394, -0.3614358901977539, 0.1662997305393219, -0.2416040301322937, 0.3889678120613098, 0.0711892619729042, -0.07420366257429123, 0.0648171603679657, -0.5380959510803223, -0.015906699001789093, -0.11380856484174728, -0.27761760354042053, -0.36967119574546814, -0.15412583947181702, 0.17766785621643066, -0.07364730536937714, 0.3443416655063629, 0.11988308280706406, 0.44037914276123047, 0.17538811266422272, -0.25273746252059937, -0.05094074457883835, 0.018955660983920097, 0.24012823402881622, 0.17597803473472595, 0.30955785512924194, -0.377363383769989, -0.02434893511235714, 0.28140681982040405, -0.3217012882232666, -0.5328738689422607, -0.37714678049087524, 0.18929678201675415, 0.29988524317741394, 0.026441656053066254, 0.34289488196372986, -0.047912102192640305, 0.5043089985847473, 0.019667215645313263, -0.38199561834335327, -0.028810663148760796, 0.146795392036438, 0.5727537274360657, -0.4302956461906433, -0.08494597673416138, 0.16113314032554626]]
body_pose: [[[-0.2860720753669739, 0.07472161948680878, 0.11149827390909195], [0.00689481757581234, -0.09964415431022644, -0.09189122915267944], [0.137705996632576, 0.024666976183652878, 0.012025056406855583], [0.24077844619750977, 0.027408704161643982, -0.04022443667054176], [0.7017343640327454, 0.0516294427216053, 0.11102575808763504], [-0.04373452439904213, 0.010819859802722931, -0.048960890620946884], [-0.0967441201210022, 0.2835458815097809, -0.36823946237564087], [-0.24285787343978882, -0.18503782153129578, 0.12740151584148407], [0.03934792801737785, 0.021956466138362885, -0.049512699246406555], [0.02938133291900158, 0.04523234814405441, 0.055980660021305084], [-0.05150064453482628, -0.07911434024572372, 0.020319923758506775], [-0.1147647276520729, -0.05478162690997124, 0.029482431709766388], [-0.022907976061105728, 0.12361618131399155, -0.40035903453826904], [-0.0028543942607939243, 0.04645932838320732, 0.19081540405750275], [0.14849106967449188, 0.09308022260665894, 0.06498875468969345], [0.2458794265985489, -0.24087581038475037, -0.879509687423706], [-0.01427088025957346, 0.20562176406383514, 0.9108902812004089], [0.02215241640806198, -0.8838119506835938, -0.08314637094736099], [-0.1019076555967331, 1.1130650043487549, -0.07111738622188568], [0.09972692281007767, -0.09091426432132721, 0.2081615924835205], [0.0018351083854213357, 0.061157114803791046, -0.49674320220947266]]]
bodypose_mat: [[[[0.9910670518875122, -0.12025120854377747, 0.057668279856443405], [0.09905270487070084, 0.953256368637085, 0.2854660749435425], [-0.08930028975009918, -0.27720385789871216, 0.9566521644592285]], [[0.9908276200294495, 0.09126638621091843, -0.09965481609106064], [-0.0919523537158966, 0.9957607388496399, -0.0023024806287139654], [0.09902221709489822, 0.011444857344031334, 0.9950193762779236]], [[0.9996240735054016, -0.010289975441992283, 0.025412600487470627], [0.013681188225746155, 0.9904618859291077, -0.13710586726665497], [-0.023759398609399796, 0.1374019980430603, 0.9902303218841553]], [[0.9988212585449219, 0.04310426115989685, 0.02231559343636036], [-0.03653794527053833, 0.970353364944458, -0.2389126420021057], [-0.03195216506719589, 0.23781569302082062, 0.9707844853401184]], [[0.9928155541419983, -0.0845097005367279, 0.08470822870731354], [0.11923352628946304, 0.7581140995025635, -0.6411289572715759], [-0.01003689132630825, 0.6466228365898132, 0.7627438306808472]], [[0.9987432956695557, 0.048688262701034546, 0.011882124468684196], [-0.049161288887262344, 0.9978458285331726, 0.04343748465180397], [-0.00974163319915533, -0.04396704211831093, 0.9989854097366333]], [[0.8940137028694153, 0.3411034643650055, 0.2904958724975586], [-0.3680235743522644, 0.9288710951805115, 0.04191786050796509], [-0.2555348873138428, -0.1443844735622406, 0.9559575915336609]], [[0.9749942421913147, -0.10282541811466217, -0.19701048731803894], [0.14735493063926697, 0.9627362489700317, 0.2267719805240631], [0.16635119915008545, -0.25013184547424316, 0.9538141489028931]], [[0.9985337853431702, 0.049907535314559937, 0.020966319367289543], [-0.04904390871524811, 0.9980008602142334, -0.03986189886927605], [-0.022913813591003418, 0.03877517953515053, 0.998985230922699]], [[0.9974114298820496, -0.05526014044880867, 0.04600878432393074], [0.05658845230937004, 0.9980024695396423, -0.02808631956577301], [-0.04436482489109039, 0.030617181211709976, 0.9985461831092834]], [[0.9966665506362915, -0.018252715468406677, -0.0795142874121666], [0.022324005141854286, 0.9984685778617859, 0.05061747133731842], [0.07846861332654953, -0.052223823964595795, 0.9955477118492126]], [[0.9980676174163818, -0.026259731501340866, -0.05631553381681442], [0.032537803053855896, 0.9929898381233215, 0.11363265663385391], [0.052936796098947525, -0.11524546146392822, 0.9919254183769226]], [[0.9134964942932129, 0.3873167037963867, 0.12453879415988922], [-0.3901071846485138, 0.9207669496536255, -0.0021428768523037434], [-0.11550118029117584, -0.04662596806883812, 0.9922124147415161]], [[0.9807775020599365, -0.18965701758861542, 0.04588973894715309], [0.189524844288826, 0.9818491339683533, 0.007254424039274454], [-0.046432651579380035, 0.0015822692075744271, 0.9989202618598938]], [[0.9935750961303711, -0.05772031098604202, 0.09735026955604553], [0.07150169461965561, 0.9869016408920288, -0.1446121633052826], [-0.08772808313369751, 0.1506437361240387, 0.9846879839897156]], [[0.6142229437828064, 0.7269869446754456, -0.3069530427455902], [-0.7819395661354065, 0.6130930781364441, -0.11263812333345413], [0.1063043475151062, 0.3092036843299866, 0.9450356960296631]], [[0.5947824120521545, -0.7854961156845093, 0.17096710205078125], [0.7827688455581665, 0.6143353581428528, 0.09932243824005127], [-0.1830485314130783, 0.07475249469280243, 0.9802577495574951]], [[0.6312018036842346, 0.06347928196191788, -0.7730165719985962], [-0.08180467039346695, 0.9965348839759827, 0.015037278644740582], [0.7712926268577576, 0.053744811564683914, 0.634207546710968]], [[0.44037190079689026, 0.006125796120613813, 0.8977945446968079], [-0.10818365216255188, 0.9930526614189148, 0.04628876969218254], [-0.8912737369537354, -0.11751096695661545, 0.4379751980304718]], [[0.9743337035179138, -0.21054312586784363, -0.07965809106826782], [0.20152296125888824, 0.9734979271888733, -0.10812116414308548], [0.10031116753816605, 0.08929316699504852, 0.9909411072731018]], [[0.877345860004425, 0.47631749510765076, 0.058189257979393005], [-0.47620758414268494, 0.8791754841804504, -0.016634687781333923], [-0.059081967920064926, -0.013115793466567993, 0.9981669783592224]]]]
global_orient: [[[3.0938191413879395, 0.0076609328389167786, 0.343922883272171]]]
globalorient_mat: [[[[0.9755797386169434, 0.0017197300912812352, 0.21963918209075928], [0.00806211307644844, -0.9995758533477783, -0.027983319014310837], [0.2194979190826416, 0.029070710763335228, -0.9751797914505005]]]]
transl: [[0.015169162303209305, 0.24816276133060455, -0.04455885663628578]]
expression: [[-0.6602427363395691, -0.0697154626250267, 0.19452913105487823, -0.16767555475234985, -0.3833951950073242, -0.601349413394928, -0.15659259259700775, 0.40330392122268677, 0.25702357292175293, -0.19647477567195892, 0.2641461193561554, 0.4112902879714966, 0.2899934947490692, -0.4327484965324402, 0.3432919383049011, 0.034461453557014465, -0.09936028718948364, 0.06924781948328018, -0.15925854444503784, 0.03591203689575195, -0.011540403589606285, 0.004930369555950165, -0.11723573505878448, -0.09235922247171402, -0.11382048577070236, 0.06165747344493866, -0.04027722030878067, 0.1211383193731308, 0.026246950030326843, -0.08973173797130585, -0.06548155844211578, -0.16406011581420898, -0.04672663286328316, 0.04929851368069649, 0.12100958079099655, 0.02921871282160282, 0.03263457864522934, -0.02655201405286789, -0.06300073862075806, -0.18558058142662048, -0.06620722264051437, 0.023960571736097336, 0.0029221749864518642, -0.01665053889155388, -0.07336827367544174, -0.0008685961365699768, -0.017464186996221542, 0.16705939173698425, 0.04114629328250885, -0.04428581893444061]]
jaw_pose: [[[0.04911065101623535, 0.002718839794397354, 0.0001679965207586065]]]
left_hand_pose: [[[0.0734080970287323, 0.29368138313293457, -0.3166533410549164], [0.14773795008659363, -0.09378321468830109, -0.3492765724658966], [-0.20993678271770477, -0.026157235726714134, -0.1667192131280899], [0.11613596975803375, 0.06926552951335907, -0.5380988717079163], [-0.1941225379705429, 0.01666196808218956, -0.2721211910247803], [0.08817094564437866, -0.11324719339609146, -0.18798556923866272], [-0.02557333931326866, -0.24303458631038666, -0.5805692076683044], [-0.06430183351039886, 0.04181092604994774, -0.13278289139270782], [-0.09727560728788376, -0.06710441410541534, 0.07289260625839233], [0.11477005481719971, -0.05163370072841644, -0.5938962697982788], [-0.19586466252803802, -0.07268515229225159, -0.16518764197826385], [-0.057695966213941574, -0.17601008713245392, -0.1542275995016098], [0.5456390976905823, 0.3576211631298065, 0.19087821245193481], [-0.5704060792922974, 0.2128690928220749, -0.21681678295135498], [0.5528839826583862, 0.16352587938308716, -0.013803285546600819]]]
right_hand_pose: [[[-0.008373977616429329, -0.010701927356421947, 0.5418083071708679], [0.179343581199646, 0.09179162234067917, 0.5912581086158752], [-0.09329026937484741, 0.07114782929420471, 0.08345147967338562], [-0.0048400843515992165, 0.09641245007514954, 0.6895697116851807], [-0.23340703547000885, 0.01580336131155491, 0.3736829161643982], [-0.060136064887046814, 0.06950439512729645, 0.2420869916677475], [0.06196737661957741, 0.23770152032375336, 0.4737721383571625], [-0.38631802797317505, 0.12018930912017822, 0.3494409918785095], [-0.23075729608535767, 0.17200857400894165, -0.0710178017616272], [0.08484738320112228, 0.1269184947013855, 0.5847684144973755], [-0.36453381180763245, 0.07244021445512772, 0.3773205280303955], [-0.1730448305606842, 0.22160150110721588, 0.3302838206291199], [0.7335168123245239, 0.07873321324586868, -0.011907068081200123], [-0.46406570076942444, -0.004202024545520544, 0.36075082421302795], [0.5195114016532898, -0.24409084022045135, 0.06293199211359024]]]
scale: [[1.0324078798294067]]
smpl_joints: [[0.01971050724387169, -0.09713373333215714, 0.03317071497440338], [0.06762127578258514, -0.003173334989696741, 0.0002218229928985238], [-0.042860835790634155, 0.008252203464508057, 0.030860450118780136], [0.011019564233720303, -0.20876532793045044, 0.0033828429877758026], [0.18936318159103394, 0.3589882254600525, 0.08210717886686325], [-0.1261257380247116, 0.3704310953617096, 0.03736041486263275], [0.020878011360764503, -0.34462669491767883, 0.007355418987572193], [0.1693243682384491, 0.7707490921020508, 0.0920456275343895], [-0.14251340925693512, 0.6839975118637085, -0.23849333822727203], [0.019786164164543152, -0.3979344964027405, 0.036571066826581955], [0.26333367824554443, 0.8272966146469116, 0.184453547000885], [-0.1854075938463211, 0.7924313545227051, -0.15677356719970703], [0.02010664902627468, -0.5621405243873596, 0.028325200080871582], [0.07308509945869446, -0.47752511501312256, 0.026054412126541138], [-0.019034473225474358, -0.48606377840042114, 0.04679090157151222], [0.05865456908941269, -0.717702329158783, 0.03854222968220711], [0.18836036324501038, -0.4726128578186035, -0.04167867824435234], [-0.12552575767040253, -0.5272490382194519, 0.07314794510602951], [0.1565229892730713, -0.2073376625776291, -0.09868675470352173], [-0.23216091096401215, -0.269357830286026, 0.10569123178720474], [0.20037120580673218, -0.029412077739834785, 0.08796311914920807], [-0.20344890654087067, -0.17711152136325836, 0.3449310064315796], [0.19306470453739166, 0.10490035265684128, 0.210903599858284], [-0.1821308732032776, -0.1303538680076599, 0.5090579986572266]]
