betas: [[-0.17293623089790344, 0.2579481601715088, -0.6058262586593628, -0.5090243220329285, -0.8008896708488464, -0.10562422126531601, -0.558556854724884, -0.05458525940775871, -0.42150044441223145, -0.07079047709703445, -0.8616757392883301, 0.4099184274673462, -0.1480587124824524, -0.3716801404953003, -0.2970404326915741, -0.3398723602294922, 0.2659998834133148, -0.5224631428718567, -0.5223316550254822, 0.23580427467823029, 0.2961164712905884, 0.19914014637470245, -0.36533045768737793, 0.1736314296722412, -0.33383747935295105, -0.09104841202497482, 0.2647167444229126, -0.08609470725059509, 0.2381947785615921, 0.06734658777713776, -0.15646816790103912, 0.013113520108163357, -0.09391821175813675, -0.13547855615615845, -0.22164636850357056, 0.6892508268356323, 0.013458541594445705, 0.07868151366710663, -0.16359998285770416, 0.3019386827945709, 0.6028075814247131, -0.16626203060150146, -0.5279428362846375, -0.0202229842543602, -0.3865838050842285, -0.40323957800865173, -0.005242209415882826, -0.20128688216209412, 0.40219107270240784, 0.40904778242111206, 0.15165647864341736, 0.28285592794418335, -0.0028914136346429586, -0.39504992961883545, -0.5262148380279541, -0.13921406865119934, -0.3332241475582123, -0.2609863579273224, -0.4731832444667816, 0.4160866439342499, -0.40711838006973267, 0.8558641076087952, -0.09316577762365341, -0.015658313408493996, -0.5654963850975037, 0.15901270508766174, 0.5394955277442932, 0.22318004071712494, 0.6073165535926819, 0.20257455110549927, 0.20444954931735992, -0.26496708393096924, -0.37208765745162964, -0.07323483377695084, 0.3791893720626831, -0.15254606306552887, -0.2801470160484314, -0.0267136562615633, 0.3073910176753998, 0.1211952194571495, -0.15918688476085663, -0.45205241441726685, 0.29676327109336853, -0.42658495903015137, -0.35150018334388733, 0.5226571559906006, 0.16538895666599274, 0.137836292386055, -0.1906164139509201, -0.43248772621154785, -0.2643391788005829, -0.7150515913963318, -0.12249452620744705, 0.19207355380058289, -0.3509771525859833, -0.11897607892751694, 0.2010248750448227, 0.43058285117149353, 0.44403037428855896, -0.4014114439487457, 0.37172049283981323, -0.1809983253479004, 0.4731300473213196, -0.33913615345954895, 0.01717904396355152, 0.18360251188278198, 0.42522281408309937, 0.5493371486663818, 0.24699853360652924, -0.011221564374864101, -0.4022112786769867, -0.42667630314826965, -0.0051064942963421345, 0.3428008258342743, -0.26631003618240356, -0.13021183013916016, -0.06785315275192261, -0.5727956891059875, -0.49229928851127625, -0.20056454837322235, -0.32750794291496277, 0.02571089006960392, -0.13760808110237122, 0.18695327639579773, -0.15727442502975464, -0.15463770925998688, 0.0910591259598732, 0.4640125632286072, 0.0594012625515461, -0.13737007975578308, 0.1402263343334198, 0.4146192967891693, 0.19649064540863037, -0.02957860566675663, 0.09857635945081711, 0.20495203137397766, 0.39395633339881897, 0.1913386434316635, -0.13750270009040833, 0.48681193590164185, -0.4294157326221466, 0.37115970253944397, 0.18930192291736603, -0.12583982944488525, -0.0018008470069617033, -0.4712522625923157, 0.10888230800628662, 0.2101806253194809, -0.5407171249389648, 0.04697439819574356, -0.18235927820205688, -0.00021963405015412718, 0.27137935161590576, 0.3297288119792938, 0.5442672371864319, -0.551373302936554, 0.22187447547912598, -0.27704209089279175, 0.39643123745918274, 0.07388308644294739, -0.024958591908216476, 0.10203944146633148, -0.3503058850765228, -0.09102388471364975, -0.24043262004852295, -0.3304309844970703, -0.3810294568538666, -0.11645491421222687, 0.15281903743743896, -0.04540534317493439, 0.3732733130455017, 0.20654678344726562, 0.5466541647911072, 0.27191391587257385, -0.21750418841838837, -0.01752912998199463, 0.20383195579051971, 0.24768148362636566, 0.15445740520954132, 0.45492854714393616, -0.3110342025756836, -0.10334105044603348, 0.17653235793113708, -0.2676457464694977, -0.5075395703315735, -0.4324716329574585, 0.2872313857078552, 0.3247165381908417, 0.04271167889237404, 0.2919609844684601, -0.23282162845134735, 0.5218254327774048, 0.032350994646549225, -0.23844489455223083, -0.12714678049087524, 0.15646599233150482, 0.5475247502326965, -0.4023630917072296, -0.09926299750804901, 0.18045471608638763]]
body_pose: [[[-0.36090731620788574, 0.0528344102203846, 0.10989002883434296], [-0.0028940867632627487, -0.08811524510383606, -0.09035392850637436], [0.16130895912647247, 0.021628737449645996, -0.003127608448266983], [0.2750881016254425, 0.045816801488399506, -0.05167476087808609], [0.6384130120277405, 0.05821777135133743, 0.0900081917643547], [-0.07893069088459015, 0.005979063455015421, -0.04548415541648865], [-0.16172854602336884, 0.3071634769439697, -0.3930400311946869], [-0.1693689078092575, -0.19318416714668274, 0.1776646077632904], [0.033050537109375, 0.02355131320655346, -0.05013718083500862], [-0.04236030951142311, 0.030210165306925774, 0.021514611318707466], [-0.03239072859287262, -0.09839043021202087, 0.01026158221065998], [-0.15506885945796967, -0.09850620478391647, 0.02719460241496563], [-0.03297945857048035, 0.1373952031135559, -0.4462917745113373], [-0.016728661954402924, 0.055690161883831024, 0.18993110954761505], [0.14056357741355896, 0.14904911816120148, 0.07148472219705582], [0.28931620717048645, -0.18675950169563293, -0.8530989289283752], [-0.01853317953646183, 0.2908298075199127, 0.8887441158294678], [-0.11336031556129456, -0.7213093042373657, -0.11327359080314636], [-0.04741479083895683, 1.0654469728469849, -0.11287204921245575], [0.19666650891304016, -0.16444319486618042, 0.09637705236673355], [0.0478605255484581, 0.0947093814611435, -0.5122197270393372]]]
bodypose_mat: [[[[0.9926558136940002, -0.11667075008153915, 0.031974341720342636], [0.09783192723989487, 0.9296914935112, 0.35510921478271484], [-0.07115714251995087, -0.34937313199043274, 0.9342777729034424]], [[0.9920465350151062, 0.09024148434400558, -0.08775083720684052], [-0.08998680859804153, 0.9959193468093872, 0.006861903239041567], [0.0880119800567627, 0.0010890905978158116, 0.9961189031600952]], [[0.999761700630188, 0.004854416940361261, 0.021281644701957703], [-0.0013732113875448704, 0.9870135188102722, -0.1606312394142151], [-0.02178504504263401, 0.16056375205516815, 0.9867849946022034]], [[0.997631311416626, 0.05724442005157471, 0.038144953548908234], [-0.044725045561790466, 0.9610899686813354, -0.27259066700935364], [-0.05226503312587738, 0.2702389061450958, 0.9613736867904663]], [[0.9944524765014648, -0.06590859591960907, 0.08197776228189468], [0.10179564356803894, 0.7993210554122925, -0.5922191739082336], [-0.026494218036532402, 0.5972787737846375, 0.8015959858894348]], [[0.9989483952522278, 0.04518519341945648, 0.007764562964439392], [-0.045656800270080566, 0.9958534836769104, 0.0786852091550827], [-0.004176959861069918, -0.0789569765329361, 0.9968692660331726]], [[0.8784101605415344, 0.35099807381629944, 0.324339359998703], [-0.39954715967178345, 0.9117324948310852, 0.09542448818683624], [-0.2622169554233551, -0.21341070532798767, 0.9411153793334961]], [[0.9658367037773132, -0.15856239199638367, -0.20498143136501312], [0.19101662933826447, 0.9701188802719116, 0.1496061533689499], [0.17513445019721985, -0.18364998698234558, 0.9672644734382629]], [[0.9984663724899292, 0.05049147829413414, 0.022706739604473114], [-0.04971335828304291, 0.998197615146637, -0.033617813140153885], [-0.02436322532594204, 0.03243742510676384, 0.9991768598556519]], [[0.9993124008178711, -0.022142937406897545, 0.02973865158855915], [0.02086356095969677, 0.9988717436790466, 0.042662832885980606], [-0.03064977377653122, -0.04201304540038109, 0.9986469149589539]], [[0.9951114058494568, -0.008651028387248516, -0.09837887436151505], [0.011835090816020966, 0.9994232654571533, 0.0318279005587101], [0.09804680198431015, -0.03283663094043732, 0.9946398735046387]], [[0.9947934746742249, -0.019422857090830803, -0.1000434160232544], [0.034654248505830765, 0.9876426458358765, 0.15284346044063568], [0.09583847969770432, -0.15551459789276123, 0.9831735491752625]], [[0.8929495811462402, 0.4279448091983795, 0.13965757191181183], [-0.432393878698349, 0.9016833305358887, 0.0016847027000039816], [-0.12520591914653778, -0.061891429126262665, 0.9901984930038452]], [[0.9804767370223999, -0.1891488879919052, 0.05374124273657799], [0.18822035193443298, 0.9818828105926514, 0.021890155971050262], [-0.056908104568719864, -0.011347592808306217, 0.9983149170875549]], [[0.9863906502723694, -0.060490671545267105, 0.15288661420345306], [0.08135947585105896, 0.9876145720481873, -0.13415661454200745], [-0.14287783205509186, 0.1447696089744568, 0.9790952801704407]], [[0.6448193788528442, 0.7125878930091858, -0.2764534056186676], [-0.7629154920578003, 0.62208092212677, -0.17599815130233765], [0.04656223952770233, 0.32439756393432617, 0.9447742104530334]], [[0.5937343239784241, -0.7672216296195984, 0.2425912320613861], [0.7622132897377014, 0.6328712701797485, 0.13603265583515167], [-0.25789621472358704, 0.10413900762796402, 0.9605439305305481]], [[0.7453500032424927, 0.14230136573314667, -0.6513090133666992], [-0.064186692237854, 0.9877329468727112, 0.14235052466392517], [0.663576066493988, -0.06429561972618103, 0.7453405857086182]], [[0.478987455368042, 0.06951698660850525, 0.8750648498535156], [-0.11537478864192963, 0.9931972026824951, -0.01574854739010334], [-0.8702067136764526, -0.09341706335544586, 0.48374950885772705]], [[0.9819482564926147, -0.11124613136053085, -0.15297715365886688], [0.07910732179880142, 0.9761663675308228, -0.2020919919013977], [0.17181311547756195, 0.186342254281044, 0.9673452377319336]], [[0.8673961162567139, 0.49139267206192017, 0.07846828550100327], [-0.486962229013443, 0.8706603050231934, -0.06941544264554977], [-0.10242945700883865, 0.02199959196150303, 0.9944970607757568]]]]
global_orient: [[[3.0936896800994873, 0.0034740474075078964, 0.2913934588432312]]]
globalorient_mat: [[[[0.9824153184890747, -0.0009817456593737006, 0.186706081032753], [0.005432724021375179, -0.9994124174118042, -0.03384120389819145], [0.18662960827350616, 0.03426044061779976, -0.98183274269104]]]]
transl: [[0.016329582780599594, 0.27180376648902893, -0.048027705401182175]]
expression: [[-0.4098761975765228, -0.17009109258651733, 0.21081103384494781, -0.17823198437690735, -0.28202691674232483, -0.503053605556488, -0.2347320020198822, 0.32199329137802124, 0.1572834551334381, 0.050322726368904114, 0.10315011441707611, 0.5209454894065857, 0.2881549596786499, -0.3668439984321594, 0.33537277579307556, -0.014381153509020805, -0.2534067928791046, 0.023622313514351845, -0.17609205842018127, 0.16213837265968323, -0.05900615453720093, -0.024885959923267365, -0.08323094248771667, -0.11525671929121017, -0.1724160760641098, 0.046493418514728546, 0.041276536881923676, 0.0940869152545929, -0.0836479589343071, -0.10614418983459473, -0.014864729717373848, -0.09647578001022339, -0.0015498368302360177, -0.002215862274169922, 0.09850671142339706, 0.03499218076467514, 0.06721490621566772, -0.02072019875049591, -0.013218244537711143, -0.02815903350710869, -0.07407587766647339, 0.0036065243184566498, -0.02488795854151249, -0.006300019100308418, -0.06781915575265884, 0.059635911136865616, -0.011834196746349335, 0.15550190210342407, -0.016036974266171455, -0.05310032144188881]]
jaw_pose: [[[0.05003206431865692, 0.0033275927416980267, -0.0016570473089814186]]]
left_hand_pose: [[[0.09517108649015427, 0.3754151165485382, -0.8730859160423279], [0.2607538402080536, -0.12391786277294159, -1.3616892099380493], [-0.1086370050907135, -0.2366029918193817, -0.4528082311153412], [-0.2771396338939667, 0.24273942410945892, -1.322533369064331], [-0.2489873170852661, 0.12789539992809296, -1.0201936960220337], [0.005108174402266741, -0.13441693782806396, -0.7094252705574036], [-0.8997543454170227, -0.5426539182662964, -1.2774993181228638], [-0.4870407283306122, -0.0518278069794178, -0.8443418145179749], [-0.5440444350242615, -0.10679738223552704, -0.3641764223575592], [-0.21437421441078186, -0.252917617559433, -1.4558491706848145], [-0.6138476133346558, -0.1430368274450302, -0.9378859996795654], [-0.31186601519584656, -0.22674980759620667, -0.77339106798172], [0.8984012603759766, 0.4054211378097534, 0.13864701986312866], [-0.7721360921859741, 0.050813689827919006, -0.16532093286514282], [0.7735762596130371, 0.2895823121070862, -0.19229836761951447]]]
right_hand_pose: [[[-0.025593550875782967, -0.1079772561788559, 0.5624703764915466], [0.1920604407787323, 0.06639667600393295, 0.6607488989830017], [-0.06437938660383224, 0.09613440185785294, 0.17670869827270508], [-0.007963189855217934, 0.04149949178099632, 0.7904178500175476], [-0.20397303998470306, -0.0029816331807523966, 0.4067282974720001], [-0.03267758712172508, 0.08387990295886993, 0.3017306625843048], [0.06003129854798317, 0.26494330167770386, 0.5619812607765198], [-0.4174082279205322, 0.09243547171354294, 0.30922725796699524], [-0.20007000863552094, 0.18968510627746582, 0.05569858103990555], [0.07732420414686203, 0.10648909956216812, 0.6911875605583191], [-0.362203985452652, 0.08874765038490295, 0.40921226143836975], [-0.17568853497505188, 0.18407665193080902, 0.3629966378211975], [0.4751586616039276, 0.038667503744363785, -0.21214443445205688], [-0.44516700506210327, -0.08518457412719727, 0.3922448754310608], [0.47891122102737427, -0.272490531206131, -0.04435005038976669]]]
scale: [[1.0545793771743774]]
smpl_joints: [[0.0194091834127903, -0.07594809681177139, 0.0382399819791317], [0.06988132745027542, 0.020724477246403694, 0.006222037132829428], [-0.044135794043540955, 0.03268732875585556, 0.03378453850746155], [0.011276694014668465, -0.19008958339691162, 0.006496258545666933], [0.19691501557826996, 0.3818363547325134, 0.1256408393383026], [-0.1265588104724884, 0.4050077795982361, 0.04359426721930504], [0.023371098563075066, -0.3292153477668762, 0.013211584649980068], [0.17590852081775665, 0.8028906583786011, 0.15568605065345764], [-0.14313897490501404, 0.7478716373443604, -0.21281041204929352], [0.021450618281960487, -0.38449591398239136, 0.042341239750385284], [0.2711848020553589, 0.8494991660118103, 0.257610559463501], [-0.18624798953533173, 0.8601545691490173, -0.13002009689807892], [0.022849779576063156, -0.5530612468719482, 0.029484745115041733], [0.07680484652519226, -0.4658223092556, 0.031420063227415085], [-0.018347186967730522, -0.4754088222980499, 0.048833150416612625], [0.061421189457178116, -0.7137526869773865, 0.0319787822663784], [0.19647866487503052, -0.45156553387641907, -0.03535553440451622], [-0.12890765070915222, -0.5179696679115295, 0.07165566086769104], [0.1567528247833252, -0.18332520127296448, -0.10249688476324081], [-0.23675523698329926, -0.2585686147212982, 0.13234879076480865], [0.1981438398361206, 0.033267177641391754, 0.05030634626746178], [-0.20656658709049225, -0.17883779108524323, 0.3827529549598694], [0.15340659022331238, 0.09365008771419525, 0.11066626012325287], [-0.1802777200937271, -0.13776826858520508, 0.5453817844390869]]
