betas: [[-0.2579602301120758, 0.269797682762146, -0.636578381061554, -0.4684695303440094, -0.7724626660346985, -0.08501774817705154, -0.6293913125991821, -0.22418376803398132, -0.4232451319694519, -0.013475925661623478, -0.9328926801681519, 0.42237773537635803, -0.13807286322116852, -0.4575187861919403, -0.3207260072231293, -0.304777055978775, 0.1527532935142517, -0.5682661533355713, -0.5430992841720581, 0.25707536935806274, 0.3746626377105713, 0.18855047225952148, -0.2415255904197693, 0.12655247747898102, -0.2987787425518036, -0.11567609012126923, 0.30079519748687744, -0.10546652972698212, 0.31917804479599, 0.0721174031496048, -0.23418523371219635, 0.09049195051193237, -0.2536674737930298, -0.18189209699630737, -0.3449484407901764, 0.6695787310600281, -0.11749270558357239, -0.2097850739955902, -0.161006897687912, 0.3329649865627289, 0.7469444870948792, -0.2235359102487564, -0.4807095229625702, 0.05364241823554039, -0.43014541268348694, -0.45896732807159424, -0.14173586666584015, -0.24341946840286255, 0.5818642377853394, 0.3601076602935791, 0.07496849447488785, 0.37704998254776, -0.005245225038379431, -0.3565624952316284, -0.36059829592704773, -0.07839302718639374, -0.3986620306968689, -0.29964178800582886, -0.6783193945884705, 0.4252769947052002, -0.4107920825481415, 0.9084072113037109, -0.021586887538433075, 0.043637823313474655, -0.586132824420929, 0.06917998194694519, 0.6046121120452881, 0.21240234375, 0.5752764344215393, 0.13656862080097198, 0.17165787518024445, -0.3073385953903198, -0.3646012544631958, -0.15068037807941437, 0.402363657951355, -0.07095334678888321, -0.2401086837053299, 0.0514029860496521, 0.3435913920402527, 0.07758212834596634, -0.00129348982591182, -0.3733088970184326, 0.27360662817955017, -0.5327166318893433, -0.339370459318161, 0.29243963956832886, 0.1757526397705078, 0.2025115191936493, -0.21661192178726196, -0.44225913286209106, -0.4140970706939697, -0.8589318990707397, -0.043128207325935364, 0.2925676107406616, -0.2490200698375702, -0.1674608588218689, 0.3261735737323761, 0.5415334105491638, 0.4001401364803314, -0.36716410517692566, 0.22183144092559814, -0.3495836853981018, 0.42172616720199585, -0.40073734521865845, -0.06191499903798103, 0.08346740901470184, 0.5240253806114197, 0.44023191928863525, 0.2106894999742508, -0.1604308933019638, -0.36089006066322327, -0.5153412818908691, -0.11664488166570663, 0.4285186529159546, -0.20296946167945862, -0.13071192800998688, 0.03500742092728615, -0.6338995695114136, -0.5075963735580444, -0.07628364115953445, -0.4260319769382477, -0.016512827947735786, -0.20631389319896698, -0.09269389510154724, -0.03591139242053032, -0.18857014179229736, -0.1528860181570053, 0.4115956127643585, 0.11713865399360657, -0.0704338401556015, 0.10853598266839981, 0.41158586740493774, 0.1533592939376831, -0.1235494464635849, 0.10703843086957932, -0.06151215732097626, 0.38704460859298706, 0.13983459770679474, -0.12480417639017105, 0.45056724548339844, -0.43188193440437317, 0.42088866233825684, 0.11490409076213837, -0.04228799790143967, -0.057706069201231, -0.21711304783821106, 0.12341112643480301, 0.2694868743419647, -0.5780267119407654, 0.1580905318260193, -0.2088569849729538, -0.01495241466909647, 0.21887309849262238, 0.2568741738796234, 0.6484950184822083, -0.28623661398887634, 0.12462280690670013, -0.2693193256855011, 0.3736501932144165, -0.015808168798685074, -0.01697922870516777, 0.06762386858463287, -0.4584541916847229, -0.033926233649253845, -0.0656258687376976, -0.32193872332572937, -0.3301604688167572, -0.0828552320599556, 0.17923910915851593, -0.04997112229466438, 0.3593907058238983, 0.18144942820072174, 0.49579453468322754, 0.24101026356220245, -0.22237689793109894, -0.06171043962240219, 0.09907978773117065, 0.221443772315979, 0.16022776067256927, 0.36085641384124756, -0.43335965275764465, -0.07908139377832413, 0.1940893977880478, -0.3609922230243683, -0.5042271018028259, -0.4173843264579773, 0.19962066411972046, 0.2795076370239258, 0.05279034376144409, 0.32661503553390503, -0.14835955202579498, 0.5547035336494446, 0.057579971849918365, -0.30768755078315735, -0.09550940990447998, 0.19312886893749237, 0.5815843343734741, -0.38369956612586975, -0.09217232465744019, 0.1633976399898529]]
body_pose: [[[-0.27454206347465515, 0.08806121349334717, 0.11403436213731766], [0.020523350685834885, -0.0979667380452156, -0.09500163793563843], [0.127457395195961, 0.02773984894156456, 0.006123108323663473], [0.24305662512779236, 0.015592027455568314, -0.04648173972964287], [0.656413733959198, 0.0661284476518631, 0.08985792100429535], [-0.023657439276576042, 0.01576324552297592, -0.04270969331264496], [-0.15399718284606934, 0.25770846009254456, -0.3858709931373596], [-0.2243199497461319, -0.1627635359764099, 0.08897721022367477], [0.024807145819067955, 0.026176201179623604, -0.06634514033794403], [-0.0159415565431118, -0.0026409600395709276, 0.10134608298540115], [0.004621018655598164, -0.15014363825321198, -0.08872948586940765], [-0.1479056030511856, -0.0824301540851593, 0.022721095010638237], [-0.04522396996617317, 0.06348191946744919, -0.39887118339538574], [-0.03302515670657158, 0.09319273382425308, 0.20792646706104279], [0.15638367831707, 0.1216336116194725, 0.08243568986654282], [0.25607597827911377, -0.18270829319953918, -0.8972058296203613], [-0.03993670269846916, 0.22846412658691406, 0.883939266204834], [0.059424880892038345, -0.8624982237815857, -0.025433119386434555], [-0.03152279183268547, 1.0334059000015259, -0.10895389318466187], [0.08320436626672745, -0.07538669556379318, 0.07721295207738876], [-0.06297557055950165, 0.09028223156929016, -0.4922665059566498]]]
bodypose_mat: [[[[0.9897035360336304, -0.12420780211687088, 0.07112845033407211], [0.10022434592247009, 0.9561643004417419, 0.2751453220844269], [-0.1021856740117073, -0.2651835083961487, 0.958767831325531]], [[0.990703284740448, 0.09369666874408722, -0.0986294075846672], [-0.0957041010260582, 0.9952841997146606, -0.01581215113401413], [0.09668274968862534, 0.02510439045727253, 0.9949984550476074]], [[0.9995970726013184, -0.004340407904237509, 0.0280507393181324], [0.007871034555137157, 0.991870105266571, -0.12701064348220825], [-0.027271414175629616, 0.12718026340007782, 0.9915046095848083]], [[0.9988043904304504, 0.047892097383737564, 0.009812786243855953], [-0.04412173479795456, 0.9695380926132202, -0.24093429744243622], [-0.02105271816253662, 0.24021324515342712, 0.9704920053482056]], [[0.9940028786659241, -0.062450408935546875, 0.0897679477930069], [0.10427788645029068, 0.7885127663612366, -0.6061137318611145], [-0.0329311303794384, 0.6118395328521729, 0.7902961373329163]], [[0.9989639520645142, 0.04250454530119896, 0.016261423006653786], [-0.042877376079559326, 0.9988084435462952, 0.02331051602959633], [-0.015251240693032742, -0.023983610793948174, 0.999596118927002]], [[0.8944723010063171, 0.3512304425239563, 0.2766883969306946], [-0.3901326060295105, 0.9153997302055359, 0.09919663518667221], [-0.21843957901000977, -0.19667379558086395, 0.9558261632919312]], [[0.9829167127609253, -0.06959903985261917, -0.1703842431306839], [0.10585308074951172, 0.9710868000984192, 0.21397551894187927], [0.15056541562080383, -0.2283557951450348, 0.961864709854126]], [[0.9974578022956848, 0.06660662591457367, 0.025328805670142174], [-0.06595758348703384, 0.9974926114082336, -0.02565149776637554], [-0.02697385847568512, 0.02391565777361393, 0.9993500113487244]], [[0.9948654174804688, -0.10114724189043045, -0.0034434248227626085], [0.10118930786848068, 0.9947420358657837, 0.015779877081513405], [0.0018292280146852136, -0.016047295182943344, 0.9998694658279419]], [[0.9848305583000183, 0.08793400973081589, -0.14958760142326355], [-0.08862607926130295, 0.9960628151893616, 0.0020465911366045475], [0.1491786241531372, 0.01124181505292654, 0.9887463450431824]], [[0.9963533282279968, -0.01652960292994976, -0.08370596915483475], [0.028691856190562248, 0.9888310432434082, 0.14625298976898193], [0.08035355806350708, -0.14812135696411133, 0.9856993556022644]], [[0.9195524454116821, 0.3865652084350586, 0.07064451277256012], [-0.3893968164920807, 0.9205312132835388, 0.031502000987529755], [-0.05285290256142616, -0.05647648870944977, 0.997003972530365]], [[0.9741553068161011, -0.20762638747692108, 0.08895330876111984], [0.2045622617006302, 0.9779356718063354, 0.04238004982471466], [-0.095789834856987, -0.023088261485099792, 0.9951337575912476]], [[0.989246129989624, -0.07233016937971115, 0.1271234005689621], [0.09127882122993469, 0.9844340682029724, -0.1501920372247696], [-0.11428119987249374, 0.16018056869506836, 0.9804497957229614]], [[0.6114594340324402, 0.7463321685791016, -0.26287946105003357], [-0.7896994948387146, 0.5965396761894226, -0.14323082566261292], [0.04992026090621948, 0.29517561197280884, 0.954137921333313]], [[0.6114374995231628, -0.7701937556266785, 0.18150991201400757], [0.7616872191429138, 0.6350254416465759, 0.12874513864517212], [-0.2144221067428589, 0.059534184634685516, 0.9749251008033752]], [[0.6503614783287048, -0.0016900284681469202, -0.7596229314804077], [-0.04644729197025299, 0.9980379939079285, -0.04198693111538887], [0.7582034468650818, 0.06258910894393921, 0.6490069627761841]], [[0.507008969783783, 0.07548873871564865, 0.8586288094520569], [-0.10523427277803421, 0.994126558303833, -0.025261949747800827], [-0.8554926514625549, -0.07754914462566376, 0.511975109577179]], [[0.994186520576477, -0.08010563254356384, -0.07194636017084122], [0.07384283095598221, 0.9935675263404846, -0.08585304021835327], [0.07836088538169861, 0.08004120737314224, 0.9937066435813904]], [[0.877394437789917, 0.4688718318939209, 0.10167652368545532], [-0.4744378924369812, 0.8794429302215576, 0.03858446702361107], [-0.07132752984762192, -0.08209299296140671, 0.9940689206123352]]]]
global_orient: [[[3.085385799407959, -0.0025226431898772717, 0.3048020303249359]]]
globalorient_mat: [[[[0.98067706823349, -0.005666686687618494, 0.19555172324180603], [0.0024292294401675463, -0.9991505742073059, -0.04113573580980301], [0.19561873376369476, 0.04081591218709946, -0.979830265045166]]]]
transl: [[0.01613730378448963, 0.24648509919643402, -0.007083188276737928]]
expression: [[-0.557890772819519, -0.045540086925029755, 0.1665538102388382, -0.1912306249141693, -0.3984108865261078, -0.6077626347541809, -0.18620634078979492, 0.3957967162132263, 0.27068930864334106, -0.20338450372219086, 0.23441894352436066, 0.3970485329627991, 0.28683578968048096, -0.4216552674770355, 0.35647183656692505, 0.030305447056889534, -0.12121506780385971, 0.06562824547290802, -0.16059541702270508, 0.050818391144275665, -0.0134222861379385, 0.0007279738783836365, -0.10874195396900177, -0.10748804360628128, -0.13690224289894104, 0.06185955926775932, -0.017131634056568146, 0.12429089844226837, 0.012046284973621368, -0.08308921754360199, -0.05818823724985123, -0.15965582430362701, -0.03626358136534691, 0.042302217334508896, 0.12442200630903244, 0.03193042427301407, 0.04372275620698929, -0.018585842102766037, -0.06066953390836716, -0.16687089204788208, -0.07290977239608765, 0.02838481217622757, 0.006216985639184713, -0.0252176932990551, -0.07540716230869293, 0.005679108202457428, -0.011936306953430176, 0.1653524935245514, 0.03739392012357712, -0.0432756282389164]]
jaw_pose: [[[0.050662025809288025, 0.0028603277169167995, 0.00015711705782450736]]]
left_hand_pose: [[[0.062398720532655716, 0.3610493838787079, -0.2412964552640915], [0.12819011509418488, -0.15813644230365753, -0.08701756596565247], [-0.1938621699810028, -0.07009007036685944, -0.0770382210612297], [0.1654079258441925, -0.003682292066514492, -0.40686312317848206], [-0.11073920875787735, -0.009692545048892498, -0.15509440004825592], [0.09244372695684433, -0.11409856379032135, -0.13893553614616394], [0.07730796933174133, -0.5566869974136353, -0.4206129014492035], [-0.08741827309131622, 0.03760739788413048, -0.1176641583442688], [-0.028959088027477264, -0.03708484396338463, 0.0266154445707798], [0.23746992647647858, -0.18184569478034973, -0.45477378368377686], [-0.16622118651866913, -0.09710602462291718, -0.01192948967218399], [-0.025064358487725258, -0.10516130924224854, -0.15931449830532074], [0.5050255060195923, 0.39337798953056335, 0.2220265418291092], [-0.6679279208183289, 0.08263209462165833, -0.1494704931974411], [0.5328981876373291, 0.08848365396261215, 0.09954235702753067]]]
right_hand_pose: [[[-0.007180172950029373, -0.034267764538526535, 0.539315402507782], [0.17055365443229675, 0.08839912712574005, 0.6345617771148682], [-0.07484693825244904, 0.09005367010831833, 0.15011799335479736], [-0.011679098010063171, 0.0620434507727623, 0.7197291851043701], [-0.22783465683460236, 0.010834800079464912, 0.4529781639575958], [-0.048087846487760544, 0.08308318257331848, 0.29399991035461426], [0.03979670628905296, 0.23030605912208557, 0.5138291120529175], [-0.39088961482048035, 0.11154147237539291, 0.34682825207710266], [-0.23955227434635162, 0.18676108121871948, 0.006036300212144852], [0.07842638343572617, 0.10894706100225449, 0.6182345151901245], [-0.37107452750205994, 0.07802386581897736, 0.42758479714393616], [-0.17943918704986572, 0.20639047026634216, 0.37276411056518555], [0.6341689825057983, 0.061805207282304764, -0.08953936398029327], [-0.4611070156097412, -0.07029502093791962, 0.357740193605423], [0.5243683457374573, -0.29688766598701477, 0.06886055320501328]]]
scale: [[1.0308880805969238]]
smpl_joints: [[0.020168453454971313, -0.09781254827976227, -0.003263374324887991], [0.06962363421916962, -0.0039036464877426624, -0.03426099568605423], [-0.041526928544044495, 0.00805006455630064, -0.006173099856823683], [0.011519023217260838, -0.20857536792755127, -0.034322187304496765], [0.19255180656909943, 0.3568754494190216, 0.04940006881952286], [-0.12368465960025787, 0.37000080943107605, -0.001931454986333847], [0.020602449774742126, -0.34395623207092285, -0.03314331918954849], [0.17231997847557068, 0.7682135105133057, 0.05862320959568024], [-0.14152312278747559, 0.6951091289520264, -0.26318562030792236], [0.018730342388153076, -0.3970344662666321, -0.003877841169014573], [0.26320433616638184, 0.8176525235176086, 0.15789079666137695], [-0.1843421310186386, 0.7998673915863037, -0.17698636651039124], [0.020036205649375916, -0.5608617663383484, -0.015527809038758278], [0.07234305143356323, -0.4759770929813385, -0.015525237657129765], [-0.019598858430981636, -0.48538583517074585, 0.00398851465433836], [0.05901442468166351, -0.7169327735900879, -0.012455834075808525], [0.19125786423683167, -0.46775558590888977, -0.07528268545866013], [-0.12572996318340302, -0.5250182151794434, 0.03237641230225563], [0.1555510312318802, -0.20322704315185547, -0.13097123801708221], [-0.22692953050136566, -0.2700912356376648, 0.09023281931877136], [0.19910138845443726, -0.02508287876844406, 0.05484398081898689], [-0.20004183053970337, -0.1838674694299698, 0.33130502700805664], [0.18371067941188812, 0.11412159353494644, 0.18278798460960388], [-0.17053180932998657, -0.1427302360534668, 0.4905909597873688]]
