betas: [[-0.0826202854514122, 0.2974242568016052, -0.5881285071372986, -0.5015901923179626, -0.9110664129257202, -0.111829474568367, -0.4642517566680908, 0.063066765666008, -0.42110809683799744, -0.26163437962532043, -0.7016801238059998, 0.3903481364250183, -0.2847903370857239, -0.44476354122161865, -0.3176543712615967, -0.36188873648643494, 0.2156095802783966, -0.09489050507545471, -0.5694700479507446, 0.16640451550483704, 0.14587104320526123, -0.10296522080898285, -0.6851496696472168, 0.015571211464703083, -0.06696376949548721, -0.21634358167648315, 0.2634807825088501, -0.06492149829864502, 0.3335128724575043, -0.029382789507508278, -0.2933269143104553, 0.17929749190807343, -0.05194486305117607, 0.5530762076377869, -0.5180712342262268, 0.5958012938499451, -0.03526295721530914, 0.18321074545383453, -0.12319514900445938, 0.0003206406254321337, 0.9456239938735962, -0.28039833903312683, -0.5957551002502441, -0.30051249265670776, -0.3250783681869507, -0.3745358884334564, -0.211620032787323, -0.3398127853870392, 0.6409570574760437, 0.3271171748638153, -0.1610405296087265, 0.017877807840704918, -0.0643031895160675, -0.20914338529109955, -0.4264587163925171, -0.13574178516864777, -0.21824724972248077, -0.38506197929382324, -0.30006808042526245, 0.32771605253219604, 0.1696074903011322, 0.9731109142303467, -0.12333089113235474, -0.10743039846420288, -0.35610905289649963, 0.10725673288106918, 0.5655083060264587, 0.11206424236297607, 0.5868008136749268, 0.3636472225189209, 0.06828189641237259, -0.22989414632320404, -0.523693859577179, -0.03609495982527733, 0.4663727879524231, 0.044904839247465134, -0.23762352764606476, 0.045036680996418, 0.24782182276248932, -0.07261233031749725, -0.09095430374145508, -0.12043619900941849, 0.03603329136967659, 0.15885956585407257, -0.3735041320323944, 0.5556269884109497, -0.1141107901930809, -0.15014958381652832, -0.12389606982469559, -0.43571698665618896, -0.44705602526664734, -0.8686606884002686, -0.027707649394869804, 0.22481758892536163, 0.13101156055927277, -0.026697777211666107, 0.39108648896217346, 0.32205450534820557, 0.5677706003189087, -0.3485461473464966, 0.3922498822212219, -0.4238026440143585, 0.5501798391342163, -0.11757045984268188, -0.08604469895362854, -0.015402670949697495, 0.2672053575515747, 0.3279564678668976, -0.19144873321056366, -0.15871496498584747, -0.24870337545871735, -0.5863320827484131, -0.033587899059057236, 0.3077109456062317, -0.11726474016904831, -0.005505911074578762, 0.302905797958374, -0.3848840594291687, -0.30212002992630005, 0.08728241175413132, -0.11572112143039703, -0.00023982235870789737, 0.20906506478786469, -0.6072768568992615, 0.023329440504312515, -0.17110812664031982, -0.03357744216918945, 0.26716819405555725, 0.18102121353149414, 0.03632476553320885, 0.15857434272766113, 0.26221850514411926, 0.156656876206398, -0.27289772033691406, 0.09588287025690079, -0.19050613045692444, 0.31014081835746765, -0.0401000939309597, -0.2573891580104828, 0.05359753593802452, -0.4260413944721222, 0.2979458272457123, 0.09454945474863052, -0.004406251944601536, 0.14110223948955536, -0.4695187509059906, 0.11920676380395889, -0.05585060268640518, -0.5091411471366882, -0.1881912350654602, -0.1865530014038086, -0.013027801178395748, 0.3048972189426422, 0.22481544315814972, 0.2442024201154709, -0.45867204666137695, -0.1336192786693573, -0.24717408418655396, 0.12453088909387589, -0.1533433198928833, 0.049875497817993164, 0.016239365562796593, -0.4307384788990021, 0.13057036697864532, -0.08994009345769882, -0.11540739238262177, -0.12566618621349335, -0.10132163017988205, 0.10186734050512314, -0.07752564549446106, 0.47365862131118774, 0.021224766969680786, 0.29610028862953186, -0.010154382325708866, -0.4648376703262329, -0.023892708122730255, 0.10328853875398636, 0.04589540883898735, 0.018480399623513222, -0.17704199254512787, -0.43853193521499634, 0.20034994184970856, 0.3398231267929077, -0.3936332166194916, -0.39632171392440796, -0.2703190743923187, 0.28521227836608887, 0.12207351624965668, 0.03234162554144859, 0.5336375832557678, -0.32615870237350464, 0.29688432812690735, 0.15539154410362244, -0.3482391834259033, 0.11427371948957443, -0.019764874130487442, 0.35120639204978943, -0.19999681413173676, -0.15257635712623596, -0.11978785693645477]]
body_pose: [[[-0.008628057315945625, 0.090306356549263, 0.10117719322443008], [-0.2688690721988678, -0.1401093453168869, -0.12527717649936676], [0.16203303635120392, -0.03760078549385071, 0.007911927998065948], [0.20881406962871552, -0.19977954030036926, -0.07340682297945023], [0.2968277335166931, -0.01297896821051836, 0.02380913309752941], [-0.033739786595106125, -0.00018797864322550595, 0.019009847193956375], [-0.16696369647979736, 0.16023077070713043, -0.22502054274082184], [-0.1888132095336914, -0.262183278799057, 0.014216108247637749], [0.038352929055690765, -0.012062878347933292, 0.025352943688631058], [0.09362990409135818, 0.1365957260131836, 0.22440238296985626], [0.005448908545076847, -0.09664136171340942, 0.01767710968852043], [-0.06521850824356079, 0.14046424627304077, 0.02269623801112175], [0.04969235509634018, 0.041196051985025406, -0.2574959099292755], [0.005971645936369896, -0.12274378538131714, 0.29922208189964294], [0.12267512828111649, 0.12525588274002075, -0.08822010457515717], [0.04530667886137962, -0.09598460793495178, -0.8484178185462952], [0.4583553075790405, 0.3288719654083252, 0.8772419691085815], [-0.201764315366745, -0.9338378310203552, -0.05267557501792908], [0.15014426410198212, 1.1443439722061157, 0.18155798316001892], [-0.05243103578686714, -0.20468172430992126, 0.33397427201271057], [-0.12313059717416763, 0.24306125938892365, 0.025605326518416405]]]
bodypose_mat: [[[[0.9908181428909302, -0.10125505924224854, 0.08959285169839859], [0.10047709941864014, 0.9948522448539734, 0.01316297147423029], [-0.09046448022127151, -0.004040080588310957, 0.9958914518356323]], [[0.9824953675270081, 0.14170950651168823, -0.12091876566410065], [-0.10437505692243576, 0.9564006328582764, 0.27277040481567383], [0.15430094301700592, -0.2553747296333313, 0.9544501304626465]], [[0.9992634654045105, -0.010914664715528488, -0.0367877259850502], [0.004836158826947212, 0.9868717193603516, -0.16143359243869781], [0.03806675970554352, 0.16113679111003876, 0.9861976504325867]], [[0.9775171279907227, 0.051619645208120346, -0.20444007217884064], [-0.09302827715873718, 0.9756850600242615, -0.1984553188085556], [0.18922489881515503, 0.21301217377185822, 0.9585509300231934]], [[0.9996349811553955, -0.02537020482122898, -0.009280120953917503], [0.021546103060245514, 0.9559904932975769, -0.292605459690094], [0.016295161098241806, 0.29229873418807983, 0.9561881422996521]], [[0.999819278717041, -0.019001923501491547, -0.0005085855955258012], [0.019008265808224678, 0.9992502331733704, 0.03372956067323685], [-0.00013272228534333408, -0.03373313322663307, 0.9994308352470398]], [[0.9621760249137878, 0.2078729271888733, 0.17608554661273956], [-0.23439419269561768, 0.9610840678215027, 0.14620794355869293], [-0.13884034752845764, -0.18195120990276337, 0.9734562635421753]], [[0.9658283591270447, 0.010567255318164825, -0.25896716117858887], [0.03850642591714859, 0.982229471206665, 0.18369154632091522], [0.2563062608242035, -0.1873863935470581, 0.9482581615447998]], [[0.9996058344841003, -0.02557467110455036, -0.011572246439754963], [0.025112122297286987, 0.9989432692527771, -0.038491372019052505], [0.012544424273073673, 0.03818560391664505, 0.9991917610168457]], [[0.9657157063484192, -0.21515125036239624, 0.14526931941509247], [0.22785799205303192, 0.9706296324729919, -0.0771937295794487], [-0.12439437955617905, 0.10764797031879425, 0.9863762259483337]], [[0.9951779246330261, -0.017911681905388832, -0.09643736481666565], [0.017385516315698624, 0.9998289942741394, -0.006293601356446743], [0.09653361886739731, 0.004586638882756233, 0.995319128036499]], [[0.9898979663848877, -0.027174770832061768, 0.13915282487869263], [0.018032589927315712, 0.9976205825805664, 0.06654328852891922], [-0.14063002169132233, -0.06336177885532379, 0.9880326390266418]], [[0.9661985039710999, 0.25549980998039246, 0.0343535915017128], [-0.2534646689891815, 0.9658147096633911, -0.054383594542741776], [-0.047074202448129654, 0.043837931007146835, 0.9979289174079895]], [[0.9481545686721802, -0.29439446330070496, -0.11972875148057938], [0.29366785287857056, 0.9556043744087219, -0.0240723118185997], [0.12150007486343384, -0.012336213141679764, 0.9925148487091064]], [[0.9883017539978027, 0.09531307220458984, 0.11905942112207413], [-0.07999655604362488, 0.9886206388473511, -0.1273963898420334], [-0.12984713912010193, 0.11638171225786209, 0.9846802353858948]], [[0.657160222530365, 0.7467097640037537, -0.102786123752594], [-0.7507998943328857, 0.6605275273323059, -0.0016879886388778687], [0.06663262844085693, 0.07828109711408615, 0.9947020411491394]], [[0.5995123386383057, -0.6578468680381775, 0.45587536692619324], [0.7954084277153015, 0.5530017614364624, -0.24802108108997345], [-0.08893997967243195, 0.5112988352775574, 0.8547883629798889]], [[0.5949565768241882, 0.13223369419574738, -0.7928057909011841], [0.042237963527441025, 0.9798672199249268, 0.1951313018798828], [0.8026473522186279, -0.14958113431930542, 0.5773931741714478]], [[0.40172165632247925, -0.06641186773777008, 0.913350522518158], [0.2195519208908081, 0.9752634763717651, -0.025652457028627396], [-0.8890538215637207, 0.21083299815654755, 0.406365305185318]], [[0.92427659034729, -0.3200520873069763, -0.20803718268871307], [0.330644816160202, 0.9435959458351135, 0.017340173944830894], [0.1907532960176468, -0.08481353521347046, 0.9779672026634216]], [[0.9703187942504883, -0.040157873183488846, 0.23847196996212006], [0.010415921919047832, 0.9921408891677856, 0.12469180673360825], [-0.24160511791706085, -0.11850688606500626, 0.9631112217903137]]]]
global_orient: [[[2.9324536323547363, 0.04199054092168808, -0.9264646172523499]]]
globalorient_mat: [[[[0.8183467984199524, 0.04586731642484665, -0.5728916525840759], [0.0061450921930372715, -0.997451663017273, -0.07108084857463837], [-0.5746919512748718, 0.05464830622076988, -0.8165432214736938]]]]
transl: [[0.05190366134047508, 0.250725656747818, -0.0012084137415513396]]
expression: [[-0.9152920842170715, -0.2253299057483673, -0.015237268060445786, -0.10673969238996506, -0.24440138041973114, -0.5752153992652893, -0.18236012756824493, 0.5593112111091614, 0.13743852078914642, -0.10816432535648346, 0.10556575655937195, 0.4234139919281006, 0.1649790108203888, -0.14016661047935486, 0.3243604302406311, -0.06430526077747345, -0.06005484610795975, 0.16935299336910248, -0.16962778568267822, -0.053581517189741135, -0.1317046731710434, 0.061747096478939056, -0.13513216376304626, 0.03843707591295242, -0.002786105265840888, 0.059485096484422684, -0.058650583028793335, 0.0709332600235939, -0.06269969791173935, -0.08631785213947296, -0.04518856108188629, -0.15201066434383392, -0.034558121114969254, 0.010299358516931534, 0.13729946315288544, -0.06455370038747787, 0.21831104159355164, 0.00552135705947876, 0.015025364235043526, -0.029341798275709152, -0.057842813432216644, 0.04880979657173157, -0.08932200819253922, 0.04103543609380722, 0.03922177851200104, -0.01912027597427368, -0.03679487854242325, 0.029980812221765518, 0.0019069300033152103, 0.01203696709126234]]
jaw_pose: [[[0.04462629556655884, 0.0025812098756432533, 0.007627494633197784]]]
left_hand_pose: [[[0.03761940822005272, 0.07422144711017609, -0.41201603412628174], [0.13632597029209137, -0.06103912740945816, -0.5837403535842896], [-0.11645966023206711, -0.09167657792568207, -0.13357941806316376], [-0.2641774117946625, 0.03875550255179405, -0.852933406829834], [-0.13077165186405182, 0.04081392288208008, -0.9457569718360901], [0.007640778087079525, -0.12645497918128967, -0.4717186689376831], [-0.4638199508190155, -0.45586448907852173, -0.6625915765762329], [-0.6151173114776611, -0.1408466100692749, -0.7311151027679443], [-0.38804900646209717, -0.07763922959566116, -0.5140870213508606], [-0.19815784692764282, -0.23072406649589539, -0.8879963755607605], [-0.4504473805427551, -0.16149257123470306, -1.001530647277832], [-0.19141720235347748, -0.17909979820251465, -0.5867848992347717], [0.8248775601387024, 0.41113144159317017, -0.022470515221357346], [-0.485029011964798, 0.06205805391073227, -0.09887346625328064], [0.6420599222183228, 0.09090793132781982, -0.002650174777954817]]]
right_hand_pose: [[[0.10565586388111115, -0.1487763226032257, 0.5708579421043396], [0.20506784319877625, 0.07933816313743591, 0.9658806920051575], [-0.14964911341667175, 0.12601876258850098, 0.24215684831142426], [-0.09833328425884247, -0.15054801106452942, 0.8654720783233643], [-0.20868895947933197, -0.07795331627130508, 0.6846886277198792], [-0.012433204799890518, 0.11159864068031311, 0.3738238513469696], [-0.3616641163825989, 0.1918925791978836, 0.8034501075744629], [-0.3705630600452423, 0.0654904767870903, 0.4996301233768463], [-0.3489673435688019, 0.08917513489723206, 0.15136374533176422], [-0.051360975950956345, 0.046271804720163345, 0.9100238680839539], [-0.39690011739730835, 0.08468089252710342, 0.6331130862236023], [-0.2135317176580429, 0.18047933280467987, 0.42071691155433655], [0.8431581854820251, -0.24010401964187622, 0.02439490333199501], [-0.5208381414413452, -0.13716861605644226, 0.07851453870534897], [0.6455868482589722, -0.20965880155563354, 0.3093726933002472]]]
scale: [[1.01751708984375]]
smpl_joints: [[0.0538487583398819, -0.0970466360449791, -0.011814376339316368], [0.10754574835300446, -0.002583606168627739, 0.005075796507298946], [0.011103253811597824, 0.008729704655706882, -0.05483531206846237], [0.07277371734380722, -0.20615948736667633, -0.04231519624590874], [0.17360293865203857, 0.3741997480392456, 0.07163497805595398], [-0.12531140446662903, 0.35116127133369446, -0.03180328384041786], [0.0779164507985115, -0.3421512842178345, -0.033866461366415024], [0.20086942613124847, 0.7741035223007202, -0.01516734529286623], [-0.14076194167137146, 0.7665631771087646, -0.04113708436489105], [0.05159374698996544, -0.39505288004875183, -0.019306844100356102], [0.16762228310108185, 0.8408415913581848, 0.10708251595497131], [-0.27612921595573425, 0.7935235500335693, -0.007878529839217663], [0.04232725873589516, -0.5577057600021362, -0.03904907777905464], [0.08297932147979736, -0.48094284534454346, 0.010375294834375381], [0.012226820923388004, -0.476633220911026, -0.05294645577669144], [0.04201826453208923, -0.7154577970504761, -0.012145346961915493], [0.19618409872055054, -0.5119380950927734, 0.07706205546855927], [-0.06262733787298203, -0.4925600588321686, -0.14296352863311768], [0.28955817222595215, -0.2580435574054718, 0.061233486980199814], [-0.07438139617443085, -0.2265859842300415, -0.22582504153251648], [0.24374030530452728, -0.11119307577610016, 0.2709199786186218], [-0.09090312570333481, -0.06087569147348404, -0.030882397666573524], [0.16779187321662903, -0.04595567658543587, 0.35748258233070374], [-0.011501030065119267, 0.00060854951152578, 0.07544873654842377]]
