betas: [[-0.08636881411075592, 0.3203461766242981, -0.587493360042572, -0.5313456654548645, -0.9168075919151306, -0.14294220507144928, -0.4323129951953888, 0.0891435369849205, -0.43417060375213623, -0.26746314764022827, -0.6686840057373047, 0.368078351020813, -0.2329821139574051, -0.41481223702430725, -0.26091495156288147, -0.396325945854187, 0.25245022773742676, -0.24551424384117126, -0.5693039298057556, 0.14501778781414032, 0.1273549646139145, -0.15874235332012177, -0.6802327632904053, 0.0947876125574112, -0.11444035172462463, -0.22104837000370026, 0.2702932059764862, -0.07621671259403229, 0.35100486874580383, 0.0445682518184185, -0.2509958744049072, 0.2428361177444458, -0.032293353229761124, 0.4884098470211029, -0.4544728398323059, 0.5654368996620178, -0.026498498395085335, 0.22467389702796936, -0.1750202178955078, -0.0733661875128746, 0.9443414807319641, -0.20652629435062408, -0.6118089556694031, -0.36200523376464844, -0.29544612765312195, -0.39667701721191406, -0.2305520623922348, -0.37784841656684875, 0.6076669692993164, 0.32462751865386963, -0.2145894467830658, 0.004837163258343935, -0.11228960752487183, -0.19711866974830627, -0.4044044613838196, -0.14649389684200287, -0.2109057903289795, -0.4326072037220001, -0.2783035933971405, 0.3314923942089081, 0.16074861586093903, 0.9753831028938293, -0.06016623228788376, -0.12196529656648636, -0.3823205232620239, 0.10517505556344986, 0.5196430683135986, 0.1446092426776886, 0.6427571177482605, 0.3586694002151489, 0.1369323581457138, -0.23663756251335144, -0.5316296219825745, 0.013103512115776539, 0.44184234738349915, -0.0019447935046628118, -0.1354534924030304, -0.10817617177963257, 0.23054026067256927, -0.03215986490249634, -0.1436164230108261, -0.13439497351646423, 0.08368416875600815, 0.18940874934196472, -0.34286612272262573, 0.5573339462280273, -0.18263019621372223, -0.2168874591588974, -0.1428159475326538, -0.4154379963874817, -0.4353206157684326, -0.8450015187263489, -0.08465045690536499, 0.20833870768547058, 0.08032107353210449, -0.017606496810913086, 0.4144238829612732, 0.33392834663391113, 0.5653674602508545, -0.44470539689064026, 0.4608784019947052, -0.40109267830848694, 0.5113389492034912, -0.12476436793804169, -0.08077402412891388, 0.0017248231451958418, 0.2962777316570282, 0.3093474209308624, -0.26663637161254883, -0.1974409818649292, -0.18152287602424622, -0.6356410980224609, -0.06033358350396156, 0.35910120606422424, -0.1808014214038849, 0.02427235059440136, 0.22833870351314545, -0.38247647881507874, -0.3274632394313812, 0.08418204635381699, -0.12143722921609879, -0.02428053691983223, 0.1693810522556305, -0.5652649998664856, -0.04806972295045853, -0.16674266755580902, 0.03210124745965004, 0.29577866196632385, 0.2105122208595276, 0.01732206903398037, 0.2114545702934265, 0.21886545419692993, 0.1717461198568344, -0.2649483382701874, 0.08282490819692612, -0.12656062841415405, 0.23508320748806, -0.0677514299750328, -0.3066491186618805, 0.15341274440288544, -0.3932834267616272, 0.3238470256328583, 0.18456362187862396, 0.04017699137330055, 0.00562296062707901, -0.49176308512687683, 0.14562588930130005, -0.08739390224218369, -0.4934321641921997, -0.07814782112836838, -0.16465753316879272, -0.0005930290790274739, 0.3066229224205017, 0.14791133999824524, 0.21774089336395264, -0.4045276939868927, -0.15833799540996552, -0.2230745553970337, 0.16134947538375854, -0.1421758383512497, 0.08547013252973557, 0.02567809261381626, -0.5586872100830078, 0.12894202768802643, -0.1524311900138855, -0.09269307553768158, -0.11196865886449814, -0.13275937736034393, 0.07993142306804657, -0.1311989575624466, 0.3701264560222626, 0.07784674316644669, 0.31918784976005554, -0.0975213348865509, -0.4673917293548584, 0.0833204910159111, 0.0904364213347435, 0.0609743632376194, 0.03359726443886757, -0.15006239712238312, -0.38982781767845154, 0.22166357934474945, 0.33026090264320374, -0.3871603012084961, -0.41368386149406433, -0.34938058257102966, 0.2561648190021515, 0.1751646101474762, 0.056108541786670685, 0.4895109236240387, -0.28840354084968567, 0.3128991723060608, 0.08093812316656113, -0.30675989389419556, 0.12647664546966553, -0.031795766204595566, 0.37950512766838074, -0.19499728083610535, -0.09014226496219635, -0.15117205679416656]]
body_pose: [[[0.003986956551671028, 0.09372872859239578, 0.09428269416093826], [-0.27695953845977783, -0.11395087093114853, -0.12881793081760406], [0.1599290817975998, -0.042145781219005585, 0.012704705819487572], [0.1933516561985016, -0.194056436419487, -0.0578991174697876], [0.3214075565338135, -0.016993433237075806, 0.03522132337093353], [-0.036579590290784836, 0.001172240125015378, 0.01997268572449684], [-0.15166646242141724, 0.18223996460437775, -0.2879841923713684], [-0.15093405544757843, -0.2783484160900116, -0.007552300579845905], [0.041732773184776306, -0.01538682822138071, 0.02423422783613205], [0.12006420642137527, 0.13133838772773743, 0.26554280519485474], [-0.0608738549053669, -0.09552634507417679, 0.07480061799287796], [-0.0780126079916954, 0.10937964171171188, 0.027053270488977432], [0.03068145550787449, 0.045059382915496826, -0.26052114367485046], [0.04620382562279701, -0.11675895750522614, 0.28465595841407776], [0.1176287829875946, 0.11313885450363159, -0.07427702099084854], [0.029508383944630623, -0.10209434479475021, -0.8547481298446655], [0.5166552066802979, 0.27514156699180603, 0.8216142654418945], [-0.23921820521354675, -0.9299725890159607, -0.058915652334690094], [0.0733933299779892, 1.0470213890075684, 0.23435865342617035], [-0.05174585431814194, -0.1828317493200302, 0.31223705410957336], [-0.5008535981178284, 0.33440732955932617, 0.14051392674446106]]]
bodypose_mat: [[[[0.9911758303642273, -0.09381838887929916, 0.0936402902007103], [0.0941915288567543, 0.9955539703369141, 0.00043677736539393663], [-0.09326495230197906, 0.00838720053434372, 0.9956059455871582]], [[0.9853410124778748, 0.14218877255916595, -0.09426180273294449], [-0.11090750247240067, 0.9537614583969116, 0.27935415506362915], [0.12962427735328674, -0.26480481028556824, 0.9555500745773315]], [[0.9990333914756775, -0.016008973121643066, -0.04093917831778526], [0.00928407721221447, 0.9871600866317749, -0.1594638228416443], [0.04296637699007988, 0.15892958641052246, 0.9863545298576355]], [[0.9796285033226013, 0.03850725293159485, -0.19709180295467377], [-0.07578388601541519, 0.9797641634941101, -0.18525396287441254], [0.18596985936164856, 0.196416437625885, 0.9627231359481812]], [[0.9992419481277466, -0.03731629624962807, -0.011087153106927872], [0.0319020077586174, 0.9481834173202515, -0.31611791253089905], [0.022308997809886932, 0.3155246078968048, 0.9486551284790039]], [[0.9997998476028442, -0.01998833753168583, 0.0008066570735536516], [0.019945461302995682, 0.9991316795349121, 0.03658069670200348], [-0.0015371437184512615, -0.036557286977767944, 0.9993304014205933]], [[0.9425971508026123, 0.26769137382507324, 0.19962957501411438], [-0.29501205682754517, 0.9476425647735596, 0.1222352534532547], [-0.15645615756511688, -0.1741117238998413, 0.9722173810005188]], [[0.961555540561676, 0.02825777418911457, -0.27315273880958557], [0.013404447585344315, 0.9886760711669922, 0.14946548640727997], [0.27428314089775085, -0.14738082885742188, 0.9502881765365601]], [[0.9995880126953125, -0.024544861167669296, -0.014874677173793316], [0.02390287071466446, 0.9988358616828918, -0.04190133139491081], [0.015885822474956512, 0.041528526693582535, 0.9990110397338867]], [[0.9564910531044006, -0.253226101398468, 0.14491894841194153], [0.268861323595047, 0.9578961730003357, -0.1007399633526802], [-0.11330731213092804, 0.13531996309757233, 0.9843018054962158]], [[0.9926511645317078, -0.07166805863380432, -0.09750645607709885], [0.07747417688369751, 0.9953567385673523, 0.05711985379457474], [0.09296003729104996, -0.06425431370735168, 0.9935944676399231]], [[0.9936619997024536, -0.031228486448526382, 0.10798397660255432], [0.022708842530846596, 0.9965963959693909, 0.07924586534500122], [-0.11009117215871811, -0.07629141956567764, 0.9909891486167908]], [[0.9652550220489502, 0.2581431567668915, 0.04055619239807129], [-0.2567687928676605, 0.9657963514328003, -0.03615536540746689], [-0.04850228130817413, 0.02448558434844017, 0.9985228776931763]], [[0.9530497789382935, -0.28276151418685913, -0.10836119204759598], [0.27741020917892456, 0.9587523937225342, -0.06194648519158363], [0.1214076429605484, 0.02897758036851883, 0.9921796917915344]], [[0.9908658266067505, 0.08051599562168121, 0.10817665606737137], [-0.06724323332309723, 0.9903490543365479, -0.12118999660015106], [-0.11689038574695587, 0.11280886828899384, 0.986717164516449]], [[0.6518386006355286, 0.7514965534210205, -0.10178112983703613], [-0.7543275952339172, 0.6563267111778259, 0.015008054673671722], [0.0780801773071289, 0.06699346750974655, 0.9946936368942261]], [[0.6553976535797119, -0.6239287853240967, 0.4256369471549988], [0.7544281482696533, 0.5676214694976807, -0.32961201667785645], [-0.03594621270895004, 0.5371394157409668, 0.8427272439002991]], [[0.5983100533485413, 0.15315313637256622, -0.7864916920661926], [0.05267534777522087, 0.971921443939209, 0.22933365404605865], [0.7995313405990601, -0.17864134907722473, 0.5734429955482483]], [[0.47779157757759094, -0.15686622262001038, 0.8643541932106018], [0.22658398747444153, 0.9726413488388062, 0.05126907303929329], [-0.8487489819526672, 0.17135290801525116, 0.5002632141113281]], [[0.9352657794952393, -0.30065301060676575, -0.186776801943779], [0.3100089728832245, 0.9504703283309937, 0.022374285385012627], [0.1707989126443863, -0.07882838696241379, 0.9821475148200989]], [[0.9362837672233582, -0.2128371149301529, 0.2794156074523926], [0.05061807110905647, 0.8689579367637634, 0.4922904372215271], [-0.3475780785083771, -0.4467800557613373, 0.8243646025657654]]]]
global_orient: [[[2.925022602081299, 0.04083577170968056, -0.9191503524780273]]]
globalorient_mat: [[[[0.820190966129303, 0.04791688546538353, -0.5700796246528625], [0.002826814306899905, -0.9968134164810181, -0.07971810549497604], [-0.5720828771591187, 0.06377255916595459, -0.8177127838134766]]]]
transl: [[0.06308159977197647, 0.25116467475891113, 0.056220389902591705]]
expression: [[-0.8702011108398438, -0.23614338040351868, -0.02844064310193062, -0.1315368413925171, -0.21179966628551483, -0.5475519895553589, -0.2121175229549408, 0.571323573589325, 0.11118617653846741, -0.1005232036113739, 0.10703189671039581, 0.4231524169445038, 0.17958244681358337, -0.14103007316589355, 0.31995895504951477, -0.050162672996520996, -0.051562145352363586, 0.17989584803581238, -0.16885223984718323, -0.05718883499503136, -0.14205776154994965, 0.06923224031925201, -0.1503683626651764, 0.03188670426607132, -0.0029199623968452215, 0.047118913382291794, -0.04006058722734451, 0.052782364189624786, -0.07840196043252945, -0.08640182018280029, -0.030664736405014992, -0.13775643706321716, -0.03231856971979141, 0.0158843956887722, 0.13756945729255676, -0.06358341872692108, 0.23707354068756104, 0.014096677303314209, 0.0224436167627573, -0.009775128215551376, -0.06553717702627182, 0.056088224053382874, -0.08715544641017914, 0.031761668622493744, 0.04581470042467117, -0.008202467113733292, -0.028135981410741806, 0.0236506350338459, -0.0032885982654988766, 0.013851420022547245]]
jaw_pose: [[[0.0451374351978302, 0.002644169609993696, 0.007280733436346054]]]
left_hand_pose: [[[0.044202808290719986, 0.05566300079226494, -0.4042884409427643], [0.13750788569450378, -0.05675141513347626, -0.5964226722717285], [-0.12058477848768234, -0.09245375543832779, -0.14430664479732513], [-0.259473592042923, 0.034483812749385834, -0.842231273651123], [-0.13475802540779114, 0.043073348701000214, -0.9419971108436584], [0.007549236062914133, -0.13067877292633057, -0.4764270484447479], [-0.4878900945186615, -0.44753944873809814, -0.6768506765365601], [-0.6150084733963013, -0.15151222050189972, -0.7431013584136963], [-0.3951819837093353, -0.09657043218612671, -0.5058321952819824], [-0.20938165485858917, -0.23259380459785461, -0.8888649940490723], [-0.45133063197135925, -0.16093683242797852, -1.022147297859192], [-0.1932116150856018, -0.18835482001304626, -0.5923544764518738], [0.8318704962730408, 0.4071643352508545, -0.02843373455107212], [-0.4867841601371765, 0.07058729976415634, -0.10936878621578217], [0.6499415040016174, 0.10458601266145706, -0.02644231729209423]]]
right_hand_pose: [[[0.12235759198665619, -0.15168456733226776, 0.45173823833465576], [0.1356758028268814, 0.07457225024700165, 0.8186569809913635], [-0.09087574481964111, 0.086098313331604, 0.2009444385766983], [-0.07934343069791794, -0.09487111866474152, 0.6954251527786255], [-0.21125274896621704, -0.08542698621749878, 0.6426039338111877], [-0.01864841766655445, 0.09525560587644577, 0.3177906274795532], [-0.4173893928527832, 0.2800854444503784, 0.7058854103088379], [-0.24661558866500854, 0.02856672927737236, 0.47549137473106384], [-0.39616262912750244, 0.08668897300958633, 0.04700377956032753], [-0.05601570010185242, 0.0723131075501442, 0.7557284235954285], [-0.3729761838912964, 0.04343705624341965, 0.5525276064872742], [-0.20537513494491577, 0.16231153905391693, 0.37428978085517883], [0.8648906350135803, -0.27860942482948303, -0.003799484111368656], [-0.6142580509185791, -0.13269199430942535, 0.051416635513305664], [0.6468232870101929, -0.1303802877664566, 0.271036833524704]]]
scale: [[1.0291775465011597]]
smpl_joints: [[0.06733858585357666, -0.09841551631689072, -0.0700119286775589], [0.12160428613424301, -0.002857975196093321, -0.05240058898925781], [0.02387004718184471, 0.008951695635914803, -0.11257920414209366], [0.08664610236883163, -0.20844264328479767, -0.10193658620119095], [0.18801981210708618, 0.3790920078754425, 0.012510082684457302], [-0.1180080845952034, 0.35350900888442993, -0.0820893943309784], [0.09190122038125992, -0.34595775604248047, -0.09541208297014236], [0.21545559167861938, 0.7835376262664795, -0.06853185594081879], [-0.12886817753314972, 0.7724177241325378, -0.09153404831886292], [0.06535803526639938, -0.39971449971199036, -0.08153596520423889], [0.18330878019332886, 0.853767991065979, 0.053756676614284515], [-0.26463478803634644, 0.8048973679542542, -0.05841337516903877], [0.05605810880661011, -0.5640890002250671, -0.10383468121290207], [0.09709789603948593, -0.4869876205921173, -0.05259828642010689], [0.025653371587395668, -0.4817694127559662, -0.11692210286855698], [0.05540965124964714, -0.7240860462188721, -0.08020301908254623], [0.21245895326137543, -0.5185889005661011, 0.01399997714906931], [-0.051661163568496704, -0.4987117648124695, -0.2068396806716919], [0.2998877167701721, -0.2590622901916504, 0.006477586925029755], [-0.06456127017736435, -0.24108901619911194, -0.3207240104675293], [0.25442424416542053, -0.11972158402204514, 0.22458280622959137], [-0.07286848872900009, -0.03754517436027527, -0.1606995016336441], [0.17663615942001343, -0.05716809257864952, 0.31462597846984863], [0.008709264919161797, 0.006951981224119663, -0.03013419918715954]]
