betas: [[-0.0427718311548233, 0.28108465671539307, -0.5626794695854187, -0.4657798409461975, -0.9113768339157104, -0.10251635313034058, -0.501937985420227, 0.05161253362894058, -0.39229917526245117, -0.2760011851787567, -0.7016523480415344, 0.41829121112823486, -0.3641785681247711, -0.4743465185165405, -0.27729129791259766, -0.2678341865539551, 0.16929256916046143, -0.00430113123729825, -0.5513483881950378, 0.24027366936206818, 0.1573726087808609, -0.06146661192178726, -0.6610587239265442, -0.04197901114821434, -0.05772038549184799, -0.23624660074710846, 0.24579529464244843, -0.03573363646864891, 0.2665936052799225, -0.05592110753059387, -0.30224162340164185, 0.09791608899831772, -0.11803282052278519, 0.553943932056427, -0.6339893341064453, 0.6754445433616638, -0.0671699047088623, 0.12874339520931244, -0.12134625017642975, 0.1921076625585556, 0.8928728699684143, -0.20555074512958527, -0.6044516563415527, -0.22417613863945007, -0.3292497992515564, -0.32365143299102783, -0.18112404644489288, -0.37305402755737305, 0.666665256023407, 0.3187390863895416, -0.15947458148002625, 0.09836193174123764, 0.07300359755754471, -0.22443057596683502, -0.42615851759910583, -0.11777392774820328, -0.21268126368522644, -0.3175404369831085, -0.2965148091316223, 0.3618451952934265, 0.13720661401748657, 0.8947377800941467, -0.24354751408100128, -0.08380141109228134, -0.34825795888900757, 0.11206578463315964, 0.6081201434135437, 0.08435873687267303, 0.5528403520584106, 0.27020272612571716, 0.010724366642534733, -0.2544381022453308, -0.4692142903804779, 0.0033606935758143663, 0.4879811406135559, 0.05785583332180977, -0.2517402768135071, 0.11157713830471039, 0.2632768452167511, -0.07422760874032974, -0.11355111002922058, -0.09814811497926712, 0.03365228697657585, 0.15876199305057526, -0.3481186032295227, 0.5126062631607056, -0.0860559344291687, -0.11182666569948196, -0.005463807377964258, -0.4597398042678833, -0.3770018517971039, -0.8358123302459717, -0.06375962495803833, 0.2040691077709198, 0.1940213292837143, -0.013672945089638233, 0.3014528155326843, 0.3224810063838959, 0.5365145802497864, -0.394621878862381, 0.3591974973678589, -0.41384854912757874, 0.49322089552879333, -0.1186247169971466, -0.09181170165538788, -0.051562558859586716, 0.22686754167079926, 0.33172279596328735, -0.11135699599981308, -0.10143186151981354, -0.20688536763191223, -0.501432478427887, 0.009647641330957413, 0.26666495203971863, -0.11376575380563736, -0.04383509233593941, 0.2841932773590088, -0.38266676664352417, -0.30501314997673035, 0.03436342999339104, -0.1351410150527954, -0.01318744570016861, 0.2053796797990799, -0.5474047064781189, 0.04824863374233246, -0.21889284253120422, -0.06336133182048798, 0.28326982259750366, 0.11120834946632385, 0.05400414392352104, 0.25522440671920776, 0.2616308033466339, 0.1470261812210083, -0.11857473850250244, 0.12763941287994385, -0.11359185725450516, 0.27155426144599915, -0.0045826067216694355, -0.21398618817329407, 0.15303455293178558, -0.44414862990379333, 0.2844112813472748, 0.08446016907691956, -0.0661473274230957, 0.17299272119998932, -0.4130411446094513, 0.12329857051372528, -0.04102377966046333, -0.4855518937110901, -0.17678453028202057, -0.18544407188892365, -0.016134148463606834, 0.3400322496891022, 0.2023506909608841, 0.19176657497882843, -0.4733602702617645, -0.10229933261871338, -0.2219899594783783, 0.11377257108688354, -0.2064114511013031, 0.03361233323812485, 0.029932789504528046, -0.4224795401096344, 0.08772679418325424, -0.1004079058766365, -0.12837108969688416, -0.12323067337274551, -0.13475650548934937, 0.13161195814609528, -0.06736202538013458, 0.5256615877151489, -0.008761260658502579, 0.3491351008415222, 0.07843726873397827, -0.44960618019104004, 0.11341206729412079, 0.045503027737140656, 0.040783897042274475, 0.08398440480232239, -0.12764233350753784, -0.4548737108707428, 0.1624327301979065, 0.3394913971424103, -0.35539746284484863, -0.377684086561203, -0.28718897700309753, 0.3410872519016266, 0.08330276608467102, 0.0006807125173509121, 0.47869688272476196, -0.256154328584671, 0.29947417974472046, 0.13488884270191193, -0.2842560410499573, 0.1449299156665802, 0.026683390140533447, 0.39903637766838074, -0.17730814218521118, -0.10604759305715561, -0.13541607558727264]]
body_pose: [[[-0.019033003598451614, 0.09215494990348816, 0.11366387456655502], [-0.27859005331993103, -0.11911159008741379, -0.11185421794652939], [0.16528759896755219, -0.037035755813121796, 0.021512910723686218], [0.2143407016992569, -0.19439053535461426, -0.06657204031944275], [0.2886648178100586, -0.027742698788642883, 0.03135417029261589], [-0.03698103502392769, -0.0011272454867139459, 0.012366377748548985], [-0.18829570710659027, 0.17586226761341095, -0.25060778856277466], [-0.20355090498924255, -0.24953529238700867, 0.038996800780296326], [0.045288339257240295, -0.012732070870697498, 0.014266707003116608], [0.0622696653008461, 0.10006990283727646, 0.1888253390789032], [0.053905338048934937, -0.1032460406422615, -0.016477711498737335], [-0.06447004526853561, 0.16330429911613464, 0.020952561870217323], [0.05594523996114731, 0.040391962975263596, -0.27189934253692627], [0.05411279946565628, -0.13887089490890503, 0.2709536552429199], [0.11008910834789276, 0.1255357563495636, -0.06704097986221313], [0.03321298956871033, -0.10714925825595856, -0.8427905440330505], [0.5124562382698059, 0.3116593062877655, 0.8463772535324097], [-0.1811932921409607, -0.9442796111106873, -0.029798084869980812], [-0.0025937589816749096, 1.0178316831588745, 0.26027774810791016], [-0.017125820741057396, -0.20309363305568695, 0.3111768364906311], [-0.2931414842605591, 0.3114576041698456, 0.03810505196452141]]]
bodypose_mat: [[[[0.9893133640289307, -0.11412723362445831, 0.09074115753173828], [0.11237642168998718, 0.9933711886405945, 0.024191852658987045], [-0.0929005965590477, -0.013736158609390259, 0.9955806136131287]], [[0.9867662191390991, 0.12636764347553253, -0.10160580277442932], [-0.09347179532051086, 0.9553284049034119, 0.28037577867507935], [0.13249735534191132, -0.2671680450439453, 0.9544976353645325]], [[0.999085009098053, -0.02446187287569046, -0.035082459449768066], [0.01835518702864647, 0.9861422181129456, -0.16488300263881683], [0.03862965106964111, 0.1640881896018982, 0.9856889247894287]], [[0.9790449142456055, 0.044917866587638855, -0.19862909615039825], [-0.08627845346927643, 0.9749976396560669, -0.20478203892707825], [0.18446451425552368, 0.21762819588184357, 0.9584419131278992]], [[0.9991298317909241, -0.034887321293354034, -0.022857550531625748], [0.026935596019029617, 0.9581428170204163, -0.28502076864242554], [0.03184440732002258, 0.28415706753730774, 0.9582487940788269]], [[0.9999228715896606, -0.012342399917542934, -0.001355591113679111], [0.012384079396724701, 0.9992399215698242, 0.03696468099951744], [0.0008983277366496623, -0.036978621035814285, 0.9993156790733337]], [[0.9536364674568176, 0.22886709868907928, 0.19544139504432678], [-0.2616262137889862, 0.9513968825340271, 0.1624675691127777], [-0.14875885844230652, -0.20606760680675507, 0.9671643972396851]], [[0.9683843851089478, -0.013141848146915436, -0.2491164207458496], [0.06349115818738937, 0.9787108302116394, 0.19517694413661957], [0.24124793708324432, -0.20482300221920013, 0.9486026763916016]], [[0.9998172521591187, -0.014549212530255318, -0.012403950095176697], [0.013972708955407143, 0.9988729357719421, -0.045360907912254333], [0.013049935922026634, 0.04517929628491402, 0.998893678188324]], [[0.977259635925293, -0.18416710197925568, 0.10510040819644928], [0.19037273526191711, 0.9803152680397034, -0.052347809076309204], [-0.09339077770709991, 0.07116565108299255, 0.9930829405784607]], [[0.9945405721664429, 0.013660184107720852, -0.10345171391963959], [-0.01921929232776165, 0.9984131455421448, -0.05293145403265953], [0.1025645062327385, 0.05463076010346413, 0.9932249188423157]], [[0.9864816665649414, -0.026093974709510803, 0.16178107261657715], [0.015593139454722404, 0.9977083206176758, 0.06584101170301437], [-0.16312836110591888, -0.062428269535303116, 0.9846278429031372]], [[0.9624666571617126, 0.2694697976112366, 0.03230830654501915], [-0.26722484827041626, 0.9617224335670471, -0.06066974624991417], [-0.04742028936743736, 0.04975903406739235, 0.9976348280906677]], [[0.954017698764801, -0.27038323879241943, -0.12939530611038208], [0.2629282772541046, 0.962131142616272, -0.0719187930226326], [0.14394089579582214, 0.03459012135863304, 0.9889815449714661]], [[0.9899004697799683, 0.07357127219438553, 0.12117922306060791], [-0.05978839844465256, 0.9917153120040894, -0.1136927604675293], [-0.1285398155450821, 0.10529939830303192, 0.9860981702804565]], [[0.6603343486785889, 0.7431838512420654, -0.10787130892276764], [-0.7465333938598633, 0.6652181148529053, 0.013143269345164299], [0.08152581751346588, 0.07185057550668716, 0.9940779209136963]], [[0.6284481287002563, -0.6295942664146423, 0.4567974805831909], [0.7754878997802734, 0.5528668165206909, -0.30488818883895874], [-0.06059229373931885, 0.5458473563194275, 0.8356908559799194]], [[0.5870945453643799, 0.10456196218729019, -0.8027369976043701], [0.05374130606651306, 0.9844011664390564, 0.16752950847148895], [0.8077325224876404, -0.14149579405784607, 0.5723172426223755]], [[0.49706509709358215, -0.2161751240491867, 0.8403537273406982], [0.21376918256282806, 0.9691277146339417, 0.12285790592432022], [-0.8409690260887146, 0.11857336014509201, 0.5279311537742615]], [[0.931753396987915, -0.302330881357193, -0.2010761797428131], [0.30576908588409424, 0.9519951939582825, -0.014502736739814281], [0.19580820202827454, -0.047969914972782135, 0.9794681668281555]], [[0.9515228867530823, -0.08189816027879715, 0.29647400975227356], [-0.008008627220988274, 0.9569752812385559, 0.29005885124206543], [-0.3074735999107361, -0.27837198972702026, 0.9099279642105103]]]]
global_orient: [[[2.934382915496826, 0.0478953942656517, -0.9290232062339783]]]
globalorient_mat: [[[[0.8175360560417175, 0.04871978238224983, -0.57381272315979], [0.010547010228037834, -0.9975144863128662, -0.06966754049062729], [-0.5757806897163391, 0.050903722643852234, -0.8160179257392883]]]]
transl: [[0.053946834057569504, 0.2544863820075989, 0.004247707314789295]]
expression: [[-0.7382498979568481, -0.13751623034477234, 0.009579356759786606, -0.03761874884366989, -0.2407628297805786, -0.5157198905944824, -0.15053193271160126, 0.48574668169021606, 0.13110078871250153, -0.08227771520614624, 0.04384848102927208, 0.36906886100769043, 0.12977775931358337, -0.0892617478966713, 0.2821345329284668, -0.08697031438350677, -0.0806388258934021, 0.1251908242702484, -0.15559834241867065, -0.022685527801513672, -0.12567351758480072, 0.03804846853017807, -0.10410058498382568, 0.04297580197453499, -0.007590034976601601, 0.06181478872895241, -0.06706338375806808, 0.07737646996974945, -0.07444930076599121, -0.08378292620182037, -0.037546977400779724, -0.15250959992408752, -0.032535672187805176, -0.006084103137254715, 0.13244527578353882, -0.05414355546236038, 0.21032190322875977, -0.0027936697006225586, 0.027528133243322372, -0.03424903377890587, -0.06299275159835815, 0.03917626664042473, -0.09198737889528275, 0.04643703252077103, 0.035866059362888336, -0.011241093277931213, -0.03770937770605087, 0.02893950417637825, -0.006402732338756323, 0.0017835020553320646]]
jaw_pose: [[[0.04156715050339699, 0.0026647259946912527, 0.011747882701456547]]]
left_hand_pose: [[[0.0356580950319767, 0.08068650960922241, -0.41138195991516113], [0.13448019325733185, -0.0554618276655674, -0.5941145420074463], [-0.11517149955034256, -0.08856242150068283, -0.1390811651945114], [-0.23455888032913208, 0.044446688145399094, -0.7946099638938904], [-0.14031878113746643, 0.04121311008930206, -0.9504351615905762], [0.007407619617879391, -0.1328192800283432, -0.4569202661514282], [-0.39241161942481995, -0.4373190999031067, -0.5866473913192749], [-0.6284006834030151, -0.12603051960468292, -0.7192322015762329], [-0.36598244309425354, -0.08495853841304779, -0.4988171458244324], [-0.1733211874961853, -0.19753864407539368, -0.8120017051696777], [-0.4360616207122803, -0.1529187113046646, -0.9905681014060974], [-0.18835295736789703, -0.17084816098213196, -0.554535984992981], [0.7868155241012573, 0.4039423167705536, -0.017028359696269035], [-0.4750182628631592, 0.08349253237247467, -0.0946812555193901], [0.6250318288803101, 0.0689072459936142, -0.011054106056690216]]]
right_hand_pose: [[[0.11871935427188873, -0.19924481213092804, 0.6057209968566895], [0.215206578373909, 0.08243335038423538, 0.929900586605072], [-0.1733378767967224, 0.125985249876976, 0.2153879553079605], [-0.09676842391490936, -0.1469571590423584, 0.8999260663986206], [-0.2321966588497162, -0.07761263847351074, 0.6697199940681458], [-0.011692646890878677, 0.11528579145669937, 0.36921077966690063], [-0.4175894260406494, 0.25947561860084534, 0.8774303197860718], [-0.3763151466846466, 0.06985972821712494, 0.5161153674125671], [-0.3839264512062073, 0.09515129774808884, 0.10436048358678818], [-0.05748919025063515, 0.04484172910451889, 0.9487109780311584], [-0.4219135344028473, 0.08837386965751648, 0.6260729432106018], [-0.22444063425064087, 0.20142331719398499, 0.4379800856113434], [0.9705618023872375, -0.2805768549442291, 0.048513758927583694], [-0.5700874328613281, -0.1973712295293808, 0.1538573056459427], [0.7504827380180359, -0.22469620406627655, 0.34611058235168457]]]
scale: [[1.0248847007751465]]
smpl_joints: [[0.05832872912287712, -0.09526246786117554, -0.016751432791352272], [0.1121600866317749, 0.00038265454350039363, 3.062984978896566e-05], [0.014939959160983562, 0.011273556388914585, -0.06050582602620125], [0.07781538367271423, -0.2055441290140152, -0.04724496230483055], [0.17997096478939056, 0.3791007399559021, 0.07168935239315033], [-0.12258300930261612, 0.3559589385986328, -0.03167510777711868], [0.08162999898195267, -0.3430573046207428, -0.03884555771946907], [0.21147359907627106, 0.7845773100852966, -0.012056422419846058], [-0.1380762755870819, 0.7766028046607971, -0.03194988891482353], [0.054947976022958755, -0.3965612053871155, -0.02427198737859726], [0.17978717386722565, 0.8497147560119629, 0.11322811990976334], [-0.27382561564445496, 0.802484929561615, 0.006578411441296339], [0.04577861726284027, -0.5610451698303223, -0.04211501404643059], [0.08661355078220367, -0.4829059839248657, 0.006753466557711363], [0.015368475578725338, -0.4794462025165558, -0.057175539433956146], [0.04650126397609711, -0.7200268507003784, -0.013203172013163567], [0.20099888741970062, -0.5112214088439941, 0.0747474953532219], [-0.059724412858486176, -0.5008852481842041, -0.1470734030008316], [0.29164230823516846, -0.2537964880466461, 0.05662873387336731], [-0.07079862058162689, -0.2442939728498459, -0.2622763514518738], [0.24232016503810883, -0.10759104043245316, 0.2690911889076233], [-0.08096520602703094, -0.03693172335624695, -0.10764005035161972], [0.1635371893644333, -0.03679222613573074, 0.356277734041214], [-0.006291647907346487, 0.01732764020562172, 0.00620852829888463]]
