betas: [[-0.011502491310238838, 0.310581773519516, -0.61570805311203, -0.4793791174888611, -0.9659969806671143, -0.11772636324167252, -0.5004389882087708, 0.07553846389055252, -0.4297240674495697, -0.24632811546325684, -0.7231210470199585, 0.4176134765148163, -0.2736702859401703, -0.5027763843536377, -0.2801947593688965, -0.41330310702323914, 0.24397030472755432, -0.1963929831981659, -0.5809730887413025, 0.15974736213684082, 0.15672951936721802, -0.09260192513465881, -0.7235226631164551, 0.04994339495897293, -0.04802481085062027, -0.29820191860198975, 0.3125782310962677, -0.07238926738500595, 0.36957117915153503, 0.051557403057813644, -0.3810057044029236, 0.24210530519485474, -0.05493709444999695, 0.5325436592102051, -0.49727293848991394, 0.6410077214241028, -0.08826896548271179, 0.15681429207324982, -0.20046459138393402, -0.035406071692705154, 0.9816461205482483, -0.22352828085422516, -0.6310178637504578, -0.34650617837905884, -0.29982396960258484, -0.35571974515914917, -0.2104051560163498, -0.385038286447525, 0.7497116923332214, 0.357532799243927, -0.14133277535438538, 0.03528626635670662, -0.020497167482972145, -0.21871766448020935, -0.4591303765773773, -0.17070290446281433, -0.26171475648880005, -0.42510026693344116, -0.32673996686935425, 0.431038498878479, 0.1015608161687851, 1.055267095565796, -0.12492087483406067, -0.09625887870788574, -0.3797425329685211, 0.22839441895484924, 0.6072071194648743, 0.17037108540534973, 0.6125747561454773, 0.3592664897441864, 0.15693522989749908, -0.34199902415275574, -0.5792388916015625, -0.009991651400923729, 0.43775302171707153, 0.00555604649707675, -0.19288760423660278, -0.15589521825313568, 0.1873161345720291, -0.07264090329408646, -0.0965919941663742, -0.0503767766058445, 0.130738765001297, 0.10780192911624908, -0.3071915805339813, 0.5415188670158386, -0.14284922182559967, -0.1897677332162857, -0.005143694579601288, -0.4496932029724121, -0.4433346688747406, -0.902182400226593, -0.057791680097579956, 0.26750102639198303, 0.1730906069278717, -0.06707321107387543, 0.4358687996864319, 0.37222427129745483, 0.5616310834884644, -0.29429715871810913, 0.48139768838882446, -0.39898812770843506, 0.5962193012237549, -0.050384558737277985, -0.17715416848659515, 0.01688460260629654, 0.29660242795944214, 0.3544040024280548, -0.15525098145008087, -0.15836359560489655, -0.2271161526441574, -0.6656385660171509, -0.048308536410331726, 0.37128734588623047, -0.15615268051624298, 0.0064398618414998055, 0.31334105134010315, -0.3958493173122406, -0.3429216146469116, 0.008757884614169598, -0.08765190094709396, -0.01973753049969673, 0.261564165353775, -0.6069987416267395, -0.03505731374025345, -0.22885726392269135, -0.110457643866539, 0.3323186933994293, 0.19216717779636383, 0.11002853512763977, 0.17657189071178436, 0.2989574670791626, 0.19557680189609528, -0.18226416409015656, 0.11753090471029282, -0.14944207668304443, 0.24776943027973175, -0.11100728809833527, -0.28885525465011597, 0.08897443115711212, -0.43322306871414185, 0.334421306848526, 0.11053499579429626, -0.05164477229118347, 0.10836019366979599, -0.49022576212882996, 0.1498505026102066, -0.10545342415571213, -0.4920223653316498, -0.15014658868312836, -0.17339476943016052, -0.017092794179916382, 0.3030130863189697, 0.14131872355937958, 0.12430515140295029, -0.4444248676300049, -0.16395577788352966, -0.3048301637172699, 0.12063752859830856, -0.20968540012836456, 0.15934596955776215, 0.023996049538254738, -0.4743143618106842, 0.16764651238918304, -0.11066584289073944, -0.10496610403060913, -0.07359500974416733, -0.09713488817214966, -0.002551720477640629, -0.14709001779556274, 0.46513253450393677, 0.11126759648323059, 0.3792578876018524, 0.07485628128051758, -0.46117135882377625, 0.12394953519105911, 0.11621399223804474, 0.046058304607868195, 0.0369424931704998, -0.23022715747356415, -0.47183096408843994, 0.19471117854118347, 0.3714475929737091, -0.3703271448612213, -0.46846356987953186, -0.2423166185617447, 0.2346542328596115, 0.09601984173059464, 0.030520232394337654, 0.5687852501869202, -0.2596636712551117, 0.3822219967842102, 0.15747015178203583, -0.3221619725227356, 0.21141941845417023, -0.01957719586789608, 0.39225390553474426, -0.2653963267803192, -0.14375682175159454, -0.17802917957305908]]
body_pose: [[[0.0012620397610589862, 0.07993101328611374, 0.09246961772441864], [-0.2572818100452423, -0.1484392136335373, -0.13116247951984406], [0.14838403463363647, -0.03958817198872566, 0.008117865771055222], [0.1708272248506546, -0.24199815094470978, -0.040176138281822205], [0.29654571413993835, -0.008714824914932251, 0.025430241599678993], [-0.030380578711628914, 0.0056580849923193455, 0.0204306710511446], [-0.13668520748615265, 0.17997536063194275, -0.27226218581199646], [-0.1973745971918106, -0.2229921817779541, -0.0020614995155483484], [0.04664338007569313, -0.014219115488231182, 0.028658544644713402], [0.13205347955226898, 0.20528347790241241, 0.2898489534854889], [-0.07029777020215988, -0.08337301015853882, 0.005905044265091419], [-0.07561889290809631, 0.10206365585327148, 0.035979390144348145], [0.04240257665514946, 0.030412524938583374, -0.25741082429885864], [-0.01319810003042221, -0.10358387231826782, 0.32669350504875183], [0.12242934107780457, 0.11995590478181839, -0.1044589951634407], [0.05727207288146019, -0.10706188529729843, -0.870137631893158], [0.46544572710990906, 0.31690260767936707, 0.8775025606155396], [-0.23602961003780365, -0.9217314124107361, -0.09025938808917999], [0.10140839964151382, 1.1004812717437744, 0.2101215273141861], [-0.09173877537250519, -0.24314971268177032, 0.420151948928833], [-0.22431838512420654, 0.1977415233850479, -0.02454136125743389]]]
bodypose_mat: [[[[0.9925394654273987, -0.09218915551900864, 0.079790398478508], [0.09228990226984024, 0.9957291483879089, 0.0024320974480360746], [-0.07967384904623032, 0.00494989613071084, 0.9968085885047913]], [[0.9805528521537781, 0.14779798686504364, -0.1291193962097168], [-0.10994164645671844, 0.9586662650108337, 0.2624342441558838], [0.16256968677043915, -0.24313504993915558, 0.9562720656394958]], [[0.9991850256919861, -0.011017246171832085, -0.038831211626529694], [0.005154561251401901, 0.9889799356460571, -0.14796017110347748], [0.04003340005874634, 0.1476394385099411, 0.9882307052612305]], [[0.9701347947120667, 0.019063975661993027, -0.24181623756885529], [-0.06009693816304207, 0.9847162961959839, -0.16346924006938934], [0.2350040078163147, 0.17311960458755493, 0.9564532041549683]], [[0.9996412992477417, -0.02633877471089363, -0.0048437779769301414], [0.023773470893502235, 0.9560332298278809, -0.2922930419445038], [0.01232945453375578, 0.2920730412006378, 0.9563164710998535]], [[0.9997752904891968, -0.020511936396360397, 0.005346478428691626], [0.02034006081521511, 0.9993299245834351, 0.030431421473622322], [-0.005967102944850922, -0.030315836891531944, 0.9995225667953491]], [[0.9472944736480713, 0.2544442415237427, 0.19465705752372742], [-0.27878856658935547, 0.954077422618866, 0.10960513353347778], [-0.15782949328422546, -0.15809650719165802, 0.9747284054756165]], [[0.9753183722496033, 0.02387550100684166, -0.21950875222682953], [0.01981317438185215, 0.980663001537323, 0.1946982592344284], [0.21991264820098877, -0.1942419409751892, 0.9559856057167053]], [[0.999488353729248, -0.02897479571402073, -0.013543347828090191], [0.02831174246966839, 0.9985020160675049, -0.046822212636470795], [0.014879722148180008, 0.046414826065301895, 0.9988114833831787]], [[0.937674343585968, -0.26956912875175476, 0.21931566298007965], [0.2963546812534332, 0.9498788118362427, -0.09951949119567871], [-0.18149591982364655, 0.1583120971918106, 0.9705650806427002]], [[0.9965105056762695, -0.0029657557606697083, -0.0834147185087204], [0.008820869028568268, 0.9975141286849976, 0.06991219520568848], [0.08300001919269562, -0.07040403038263321, 0.9940594434738159]], [[0.9941527843475342, -0.03972833231091499, 0.10040903091430664], [0.032021597027778625, 0.9964986443519592, 0.07723283767700195], [-0.10312581062316895, -0.07356598228216171, 0.9919440746307373]], [[0.9666000604629517, 0.25510257482528687, 0.024637924507260323], [-0.25382038950920105, 0.9661660194396973, -0.045808546245098114], [-0.03549020364880562, 0.03802493214607239, 0.9986463785171509]], [[0.9418442845344543, -0.31964921951293945, -0.10369978845119476], [0.3210029900074005, 0.9470704197883606, -0.003814014373347163], [0.09943016618490219, -0.02969573810696602, 0.9946011900901794]], [[0.9873918890953064, 0.11107740551233292, 0.11277903616428375], [-0.09644052386283875, 0.9870930314064026, -0.12785311043262482], [-0.12552501261234283, 0.11536464840173721, 0.9853600263595581]], [[0.6397913694381714, 0.7595651149749756, -0.11716578900814056], [-0.7653123140335083, 0.6436260342597961, -0.006524198222905397], [0.0704553946852684, 0.09384255856275558, 0.9930909276008606]], [[0.602806031703949, -0.6596313118934631, 0.4489002227783203], [0.7942450642585754, 0.549776554107666, -0.258689820766449], [-0.07615490257740021, 0.5124766230583191, 0.8553175330162048]], [[0.6027998924255371, 0.17787812650203705, -0.7778121829032898], [0.023613454774022102, 0.9704293012619019, 0.2402280867099762], [0.797542929649353, -0.1631762832403183, 0.5807743668556213]], [[0.43585118651390076, -0.11836755275726318, 0.8922011852264404], [0.21868206560611725, 0.9755346179008484, 0.022594446316361427], [-0.8730474710464478, 0.1852605938911438, 0.4510727822780609]], [[0.8845522403717041, -0.39234036207199097, -0.25226226449012756], [0.4141966700553894, 0.9093937277793884, 0.038002919405698776], [0.21449561417102814, -0.1381017416715622, 0.9669123291969299]], [[0.9802964925765991, 0.002162154298275709, 0.1975199431180954], [-0.046187449246644974, 0.9747299551963806, 0.2185596227645874], [-0.19205603003501892, -0.22337616980075836, 0.9556242227554321]]]]
global_orient: [[[2.9298462867736816, 0.03976007550954819, -0.9160518050193787]]]
globalorient_mat: [[[[0.8218188881874084, 0.04604105278849602, -0.5678852796554565], [0.0033360938541591167, -0.9971013069152832, -0.07601168006658554], [-0.5697388648986816, 0.06057332456111908, -0.8195902705192566]]]]
transl: [[0.058292027562856674, 0.24925339221954346, 0.021522756665945053]]
expression: [[-0.7195597290992737, -0.17911571264266968, 0.009328197687864304, -0.05720316618680954, -0.2591196894645691, -0.5501120686531067, -0.20486558973789215, 0.48944082856178284, 0.14434318244457245, -0.023702308535575867, 0.012311730533838272, 0.4654514789581299, 0.16359686851501465, -0.11545243114233017, 0.3446553349494934, -0.11513297259807587, -0.1567404568195343, 0.15116800367832184, -0.1931701898574829, 0.0315747931599617, -0.14636729657649994, 0.02748936414718628, -0.10731431841850281, 0.04774514213204384, -0.026340434327721596, 0.07226362079381943, -0.04351813346147537, 0.08504380285739899, -0.10744916647672653, -0.10937231779098511, -0.02964060939848423, -0.15147748589515686, -0.010581840761005878, -0.02789432182908058, 0.16328144073486328, -0.06937728822231293, 0.2586278021335602, -0.006379865109920502, 0.04247603192925453, 0.02100737765431404, -0.06308109313249588, 0.04234905540943146, -0.09092413634061813, 0.03975248709321022, 0.045506641268730164, 0.011100325733423233, -0.025478653609752655, 0.02469828352332115, -0.00786610133945942, 0.01325815450400114]]
jaw_pose: [[[0.0540415458381176, 0.0028530058916658163, 0.005735654383897781]]]
left_hand_pose: [[[0.031927742063999176, 0.05358380079269409, -0.3939965069293976], [0.12974153459072113, -0.05220844969153404, -0.6467794179916382], [-0.08248288184404373, -0.10813283920288086, -0.14246034622192383], [-0.3074119985103607, 0.05557514727115631, -0.9358794689178467], [-0.13974060118198395, 0.05814773961901665, -0.987933337688446], [-0.00663166306912899, -0.130414679646492, -0.5168559551239014], [-0.6105573773384094, -0.4770393669605255, -0.8233068585395813], [-0.6207591891288757, -0.15885326266288757, -0.7951185703277588], [-0.45299455523490906, -0.07567653059959412, -0.49639856815338135], [-0.2527393400669098, -0.2736896276473999, -1.0280053615570068], [-0.4873892366886139, -0.16556093096733093, -1.058233618736267], [-0.21801064908504486, -0.1949009746313095, -0.6305178999900818], [0.8111763000488281, 0.37466534972190857, 0.019181877374649048], [-0.5166118144989014, 0.048956554383039474, -0.1163032203912735], [0.6457594633102417, 0.122032530605793, -0.03299861401319504]]]
right_hand_pose: [[[0.07923036068677902, -0.2501118779182434, 0.7124878764152527], [0.24974629282951355, 0.11414618790149689, 0.9741395711898804], [-0.20248962938785553, 0.1777680367231369, 0.24142566323280334], [-0.1474466174840927, -0.1756562739610672, 1.0187432765960693], [-0.22530099749565125, -0.06147295981645584, 0.6988463401794434], [-0.006611748598515987, 0.1432683914899826, 0.45113030076026917], [-0.45651882886886597, 0.3666517436504364, 0.9099956750869751], [-0.450594425201416, 0.07169026881456375, 0.5609370470046997], [-0.38462164998054504, 0.12161899358034134, 0.20655204355716705], [-0.07146752625703812, 0.08802123367786407, 1.0312727689743042], [-0.46994781494140625, 0.12379751354455948, 0.6857672333717346], [-0.2369636595249176, 0.19890597462654114, 0.5352888703346252], [0.8917142152786255, -0.2605741024017334, -0.01662556827068329], [-0.5607444643974304, -0.1561252474784851, 0.19569097459316254], [0.7626397609710693, -0.26904788613319397, 0.32508546113967896]]]
scale: [[1.0230072736740112]]
smpl_joints: [[0.06232861801981926, -0.10090277343988419, -0.034643836319446564], [0.11636103689670563, -0.005720233544707298, -0.017299775034189224], [0.01886509358882904, 0.006061104591935873, -0.0768832340836525], [0.08135879784822464, -0.21102741360664368, -0.06622699648141861], [0.1819448620080948, 0.37581315636634827, 0.047541238367557526], [-0.11791732907295227, 0.3527542054653168, -0.05580433830618858], [0.08795569837093353, -0.34840622544288635, -0.06045171990990639], [0.21500533819198608, 0.7827300429344177, -0.0221664197742939], [-0.1319461315870285, 0.7723092436790466, -0.06738638132810593], [0.06207536533474922, -0.4023404121398926, -0.04649422690272331], [0.17674069106578827, 0.8511865139007568, 0.09926338493824005], [-0.2676754593849182, 0.7981539964675903, -0.029229119420051575], [0.051941562443971634, -0.5660128593444824, -0.06782379746437073], [0.09362940490245819, -0.4893134534358978, -0.01756328158080578], [0.021730273962020874, -0.484093576669693, -0.08084098249673843], [0.04971975460648537, -0.7251853346824646, -0.044327009469270706], [0.20805200934410095, -0.5211179852485657, 0.04946821555495262], [-0.05576398968696594, -0.4949743151664734, -0.17095358669757843], [0.2974254786968231, -0.26310113072395325, 0.03491569682955742], [-0.06480783969163895, -0.22352644801139832, -0.2449146956205368], [0.243990957736969, -0.11066015064716339, 0.2422996163368225], [-0.07567505538463593, -0.05559834465384483, -0.04785091057419777], [0.17166218161582947, -0.060071300715208054, 0.3303726613521576], [-0.0012790665496140718, -0.010414103977382183, 0.05695834755897522]]
