betas: [[-0.03357395902276039, 0.2970564067363739, -0.5527802109718323, -0.4763394296169281, -0.9237709045410156, -0.09793028235435486, -0.46301355957984924, 0.08815546333789825, -0.3679822087287903, -0.29677602648735046, -0.6268530488014221, 0.44463807344436646, -0.20632602274417877, -0.5054020285606384, -0.25578823685646057, -0.350082129240036, 0.22789758443832397, -0.10538435727357864, -0.5609921813011169, 0.18985791504383087, 0.1315837949514389, -0.08033718168735504, -0.7290776968002319, 0.011243491433560848, -0.08071758598089218, -0.274944007396698, 0.29990968108177185, -0.033004648983478546, 0.30032241344451904, 0.03475074842572212, -0.318977952003479, 0.16320879757404327, -0.10222845524549484, 0.6049659848213196, -0.5272993445396423, 0.638877809047699, -0.08890391141176224, 0.10484786331653595, -0.17045457661151886, 0.014957544393837452, 0.8981151580810547, -0.17896965146064758, -0.5851067304611206, -0.23958177864551544, -0.2914866507053375, -0.3760572671890259, -0.0783030092716217, -0.3605941832065582, 0.7035586833953857, 0.35109037160873413, -0.12046340852975845, -0.02908635325729847, 0.006471513770520687, -0.20015300810337067, -0.44601547718048096, -0.08464839309453964, -0.2351837456226349, -0.3530619740486145, -0.280107319355011, 0.3566593825817108, 0.13060486316680908, 0.9682909846305847, -0.19012969732284546, -0.05736612156033516, -0.39514869451522827, 0.09511461108922958, 0.6154305338859558, 0.08275307714939117, 0.5500913858413696, 0.33756762742996216, 0.021644091233611107, -0.2936007082462311, -0.5957089066505432, 0.05842272937297821, 0.5023224353790283, 0.007120541296899319, -0.2232741117477417, 0.009099891409277916, 0.3147657811641693, -0.049071405082941055, -0.10674159228801727, -0.05208556354045868, 0.05730797350406647, 0.1216893419623375, -0.3172065019607544, 0.5431254506111145, -0.10009158402681351, -0.0978371873497963, -0.0854685828089714, -0.44608017802238464, -0.37998735904693604, -0.8712419867515564, -0.0961606577038765, 0.21988065540790558, 0.1959601491689682, -0.032444071024656296, 0.3316207230091095, 0.31578823924064636, 0.5594462752342224, -0.3659196197986603, 0.42762231826782227, -0.43055737018585205, 0.5466817617416382, -0.10622760653495789, -0.13205447793006897, 0.0317564383149147, 0.24435772001743317, 0.3266149163246155, -0.11662285029888153, -0.08241672813892365, -0.2885509431362152, -0.5156466364860535, 0.014167629182338715, 0.2593379616737366, -0.10318297892808914, -0.00747691048309207, 0.3167683780193329, -0.34440645575523376, -0.36082690954208374, 0.02872752770781517, -0.06228811293840408, -0.01206585206091404, 0.16691215336322784, -0.5895833969116211, 0.009625398553907871, -0.20367135107517242, 0.007242104038596153, 0.2905229926109314, 0.1283087581396103, -0.030838506296277046, 0.17872406542301178, 0.26154008507728577, 0.22558711469173431, -0.23170319199562073, 0.16919973492622375, -0.20705245435237885, 0.33057457208633423, 0.05087563022971153, -0.20641806721687317, 0.3042992651462555, -0.458061158657074, 0.3179677128791809, 0.08106132596731186, -0.09866634756326675, 0.26015394926071167, -0.47265297174453735, 0.16915498673915863, -0.07366153597831726, -0.45772355794906616, -0.2304629385471344, -0.22257569432258606, 0.006510315462946892, 0.32478398084640503, 0.22176454961299896, 0.07145833224058151, -0.5263388752937317, -0.09199933707714081, -0.2987016439437866, 0.11318235844373703, -0.16981586813926697, 0.12387869507074356, 0.02425924316048622, -0.4001264274120331, 0.09963928908109665, -0.09880005568265915, -0.11709744483232498, -0.16978983581066132, -0.09512177109718323, 0.0775284692645073, -0.07240437716245651, 0.4994107186794281, 0.03109169378876686, 0.26768726110458374, -0.003996692597866058, -0.3980848789215088, -0.021952403709292412, 0.07740523666143417, 0.02692442201077938, 0.08901514112949371, -0.20697979629039764, -0.46423783898353577, 0.19130003452301025, 0.26276132464408875, -0.3400718569755554, -0.4222570061683655, -0.28222131729125977, 0.3243147134780884, 0.11418100446462631, 0.01916835829615593, 0.5592985153198242, -0.3252781629562378, 0.21417658030986786, 0.06564097106456757, -0.25352928042411804, 0.1845228224992752, 0.00097834097687155, 0.34405362606048584, -0.30031245946884155, -0.18393424153327942, -0.15260107815265656]]
body_pose: [[[-0.023572402074933052, 0.08544988930225372, 0.11265897005796432], [-0.2663329839706421, -0.1397031545639038, -0.12021161615848541], [0.1528397798538208, -0.039284441620111465, 0.007466546725481749], [0.21744155883789062, -0.16898593306541443, -0.07217063754796982], [0.27626514434814453, -0.01694720983505249, 0.03923200070858002], [-0.041195306926965714, -0.004922626540064812, 0.018434938043355942], [-0.1910964697599411, 0.19818469882011414, -0.256152480840683], [-0.18558098375797272, -0.2724342346191406, 0.07484729588031769], [0.05035398527979851, -0.014902064576745033, 0.025921544060111046], [0.03890782594680786, 0.15185560286045074, 0.12701311707496643], [0.033449459820985794, -0.08676934987306595, -0.014372870326042175], [-0.07433343678712845, 0.12127919495105743, 0.033278077840805054], [0.0686408132314682, 0.030935144051909447, -0.256663978099823], [0.09772321581840515, -0.11277973651885986, 0.28644201159477234], [0.13588878512382507, 0.09671271592378616, -0.048017632216215134], [0.054092150181531906, -0.11674245446920395, -0.8664759397506714], [0.49211007356643677, 0.2752123475074768, 0.8773712515830994], [-0.1951979398727417, -0.9269294738769531, -0.07001179456710815], [0.09830029308795929, 1.1121002435684204, 0.20890526473522186], [-0.04489169269800186, -0.21305057406425476, 0.3649307191371918], [-0.218474343419075, 0.25632280111312866, 0.056355640292167664]]]
bodypose_mat: [[[[0.990020215511322, -0.11327892541885376, 0.08383198082447052], [0.11126811057329178, 0.9933875203132629, 0.028296861797571182], [-0.08648307621479034, -0.01868663914501667, 0.9960780739784241]], [[0.9831640720367432, 0.13656261563301086, -0.1214047521352768], [-0.09967918694019318, 0.9576798677444458, 0.27002474665641785], [0.15314216911792755, -0.25337710976600647, 0.9551689028739929]], [[0.9992022514343262, -0.01043140608817339, -0.038551826030015945], [0.004439647309482098, 0.9883164763450623, -0.15235115587711334], [0.039690639823675156, 0.1520584374666214, 0.9875743389129639]], [[0.983231246471405, 0.05295120179653168, -0.17450615763664246], [-0.08944826573133469, 0.9739320278167725, -0.20845948159694672], [0.15891897678375244, 0.22057317197322845, 0.9623367786407471]], [[0.9990927577018738, -0.04104876145720482, -0.011343318969011307], [0.03639725595712662, 0.961322009563446, -0.27301114797592163], [0.022111356258392334, 0.27235060930252075, 0.9619439244270325]], [[0.999817967414856, -0.01832723245024681, -0.005300587974488735], [0.0185299851000309, 0.9989818334579468, 0.041135795414447784], [0.004541284870356321, -0.04122652858495712, 0.9991396069526672]], [[0.948169469833374, 0.2314438670873642, 0.21773459017276764], [-0.26887208223342896, 0.9495329260826111, 0.16153936088085175], [-0.16935887932777405, -0.21170943975448608, 0.9625469446182251]], [[0.9604673385620117, -0.04839053377509117, -0.2741548717021942], [0.0984695628285408, 0.9801687598228455, 0.17196820676326752], [0.26039639115333557, -0.19216574728488922, 0.9461850523948669]], [[0.9995532035827637, -0.026281818747520447, -0.014241109602153301], [0.025531640276312828, 0.9983967542648315, -0.05051829665899277], [0.015545988455414772, 0.05013211816549301, 0.9986217021942139]], [[0.9804701805114746, -0.12320898473262787, 0.15328998863697052], [0.1290973424911499, 0.9912068843841553, -0.02903323993086815], [-0.14836491644382477, 0.048255555331707, 0.987754762172699]], [[0.9961351752281189, 0.012901552021503448, -0.08688156306743622], [-0.01580178551375866, 0.9993377923965454, -0.03277701884508133], [0.08640114963054657, 0.0340232215821743, 0.9956793785095215]], [[0.9921059608459473, -0.03765937685966492, 0.1196136325597763], [0.028660301119089127, 0.99668949842453, 0.0760836973786354], [-0.1220829039812088, -0.07205493748188019, 0.9899009466171265]], [[0.9667819738388062, 0.25466978549957275, 0.021811164915561676], [-0.25255897641181946, 0.9649158716201782, -0.07177159190177917], [-0.039323996752500534, 0.06387888640165329, 0.9971824288368225]], [[0.9530263543128967, -0.28695064783096313, -0.0969543308019638], [0.2760249078273773, 0.9545972943305969, -0.11204551160335541], [0.12470388412475586, 0.08002050966024399, 0.988961935043335]], [[0.9941850900650024, 0.05433151125907898, 0.09297351539134979], [-0.04122229665517807, 0.9896403551101685, -0.13752368092536926], [-0.0994822084903717, 0.13289140164852142, 0.9861253499984741]], [[0.6416187286376953, 0.756877064704895, -0.12434887140989304], [-0.7627983093261719, 0.6466365456581116, -1.0255137567583006e-05], [0.08040075749158859, 0.09485967457294464, 0.9922386407852173]], [[0.6141958236694336, -0.664950966835022, 0.42497503757476807], [0.7885463237762451, 0.5382550358772278, -0.2974495589733124], [-0.030955582857131958, 0.517804741859436, 0.8549386262893677]], [[0.5994718074798584, 0.14381615817546844, -0.787369430065155], [0.023917848244309425, 0.9800668358802795, 0.1972232162952423], [0.8000384569168091, -0.1370619237422943, 0.5840826630592346]], [[0.4257291853427887, -0.11776746809482574, 0.8971540927886963], [0.21582862734794617, 0.9760926365852356, 0.02571176365017891], [-0.8787335753440857, 0.18268530070781708, 0.44096872210502625]], [[0.9120529890060425, -0.3493357002735138, -0.2147647589445114], [0.35875681042671204, 0.9334161877632141, 0.0052598766051232815], [0.19862745702266693, -0.08184561878442764, 0.9766516089439392]], [[0.9658946990966797, -0.08299570530653, 0.2452736794948578], [0.027537807822227478, 0.9747928977012634, 0.2214057594537735], [-0.25746676325798035, -0.20710034668445587, 0.9438328146934509]]]]
global_orient: [[[2.9424731731414795, 0.0368216447532177, -0.8972839117050171]]]
globalorient_mat: [[[[0.8297619819641113, 0.04185323417186737, -0.5565459132194519], [0.003888410981744528, -0.9975936412811279, -0.06922350823879242], [-0.5581038594245911, 0.05527495965361595, -0.8279280066490173]]]]
transl: [[0.04875597357749939, 0.2524752616882324, 0.01152238342911005]]
expression: [[-0.7635990381240845, -0.23700770735740662, 0.022009070962667465, -0.053935758769512177, -0.2261732667684555, -0.5472184419631958, -0.1972668617963791, 0.4910624623298645, 0.1259288638830185, 0.005243121646344662, 0.009463746100664139, 0.471650630235672, 0.12136169523000717, -0.1010303869843483, 0.3099501132965088, -0.11815819144248962, -0.1429845690727234, 0.11910043656826019, -0.17111098766326904, 0.027608968317508698, -0.138456329703331, 0.0364956259727478, -0.10487909615039825, 0.05148043483495712, -0.016244476661086082, 0.06586115062236786, -0.053181931376457214, 0.0789138674736023, -0.10259877890348434, -0.11249198019504547, -0.0509822815656662, -0.13788564503192902, -0.004877400118857622, -0.020265255123376846, 0.13425441086292267, -0.06598766148090363, 0.2057667374610901, -0.022454433143138885, 0.044335562735795975, 0.016453731805086136, -0.03363066166639328, 0.01217181608080864, -0.10849831253290176, 0.05812525376677513, 0.03635581582784653, 0.006318762898445129, -0.046230465173721313, 0.03777305409312248, -0.024979444220662117, -0.0021047380287200212]]
jaw_pose: [[[0.03838815912604332, 0.002453569322824478, 0.011027914471924305]]]
left_hand_pose: [[[0.04035858064889908, 0.07079380750656128, -0.40377697348594666], [0.13150155544281006, -0.05163152143359184, -0.5669979453086853], [-0.1126776784658432, -0.08962347358465195, -0.1544136106967926], [-0.2513814866542816, 0.04515119269490242, -0.8356382250785828], [-0.13845331966876984, 0.032696597278118134, -0.993650496006012], [0.013391721993684769, -0.1321573704481125, -0.5096597671508789], [-0.4702119827270508, -0.46265214681625366, -0.6728806495666504], [-0.6191512942314148, -0.14149069786071777, -0.7483068108558655], [-0.39167606830596924, -0.09497660398483276, -0.5423437356948853], [-0.20441196858882904, -0.22437137365341187, -0.8849958181381226], [-0.45613574981689453, -0.1664130985736847, -1.0389485359191895], [-0.19474515318870544, -0.17636457085609436, -0.6125703454017639], [0.7948000431060791, 0.40323203802108765, 0.00048400257946923375], [-0.4941825568675995, 0.05967734009027481, -0.10985100269317627], [0.6392843127250671, 0.085201196372509, 0.032568302005529404]]]
right_hand_pose: [[[0.1032000258564949, -0.15496943891048431, 0.541411817073822], [0.21905159950256348, 0.08486673980951309, 0.8696717023849487], [-0.18265961110591888, 0.11529982835054398, 0.20555290579795837], [-0.06326142698526382, -0.15556439757347107, 0.8240329027175903], [-0.21644842624664307, -0.05687526613473892, 0.6272570490837097], [-0.0023364247754216194, 0.11574912071228027, 0.35917696356773376], [-0.29211997985839844, 0.16475960612297058, 0.760511040687561], [-0.36972522735595703, 0.0776173323392868, 0.4749235212802887], [-0.32104751467704773, 0.09675956517457962, 0.15301448106765747], [-0.021304013207554817, 0.014031240716576576, 0.8614447116851807], [-0.38379615545272827, 0.0864676907658577, 0.6088573336601257], [-0.18910619616508484, 0.19562110304832458, 0.411634624004364], [0.814052164554596, -0.23237758874893188, 0.022645719349384308], [-0.5097876787185669, -0.15647801756858826, 0.10296022891998291], [0.624725341796875, -0.216326043009758, 0.2823904752731323]]]
scale: [[0.9992755651473999]]
smpl_joints: [[0.051801685243844986, -0.09528011828660965, -0.024479996412992477], [0.10540906339883804, -0.0022952009458094835, -0.00872739963233471], [0.008951343595981598, 0.009072982706129551, -0.06607729941606522], [0.0696563795208931, -0.20308250188827515, -0.05512085556983948], [0.17337700724601746, 0.36710745096206665, 0.06216886267066002], [-0.12161504477262497, 0.3474644422531128, -0.0403931699693203], [0.07537828385829926, -0.33706429600715637, -0.0478922575712204], [0.200553297996521, 0.7618651390075684, -0.01925155706703663], [-0.13452884554862976, 0.7568097114562988, -0.03848429024219513], [0.05024666339159012, -0.3896653950214386, -0.03416052833199501], [0.17713269591331482, 0.8251965045928955, 0.10445985198020935], [-0.2656349837779999, 0.7870190739631653, -0.0009356510709039867], [0.040942054241895676, -0.5498471260070801, -0.05398554727435112], [0.0815914198756218, -0.4743810296058655, -0.005552980583161116], [0.011097235605120659, -0.4699742794036865, -0.06717090308666229], [0.03992966189980507, -0.7055844664573669, -0.029758254066109657], [0.19282454252243042, -0.5051599144935608, 0.06080244854092598], [-0.06707075238227844, -0.4877934455871582, -0.1516869068145752], [0.2828018069267273, -0.25469231605529785, 0.04179464280605316], [-0.062045563012361526, -0.2376204878091812, -0.2649233937263489], [0.23038598895072937, -0.10284347087144852, 0.2409830093383789], [-0.06027379259467125, -0.047275424003601074, -0.09936073422431946], [0.15649984776973724, -0.038844797760248184, 0.3230326175689697], [0.025896979495882988, 0.014492912217974663, 0.005198636557906866]]
