betas: [[-0.08473990112543106, 0.28700393438339233, -0.5741543173789978, -0.48542681336402893, -0.9451640248298645, -0.13639295101165771, -0.49765169620513916, 0.035295452922582626, -0.40461352467536926, -0.2651020884513855, -0.7039506435394287, 0.39668670296669006, -0.29863452911376953, -0.45891523361206055, -0.2753082811832428, -0.3083067834377289, 0.20275530219078064, -0.185129314661026, -0.5426042079925537, 0.15760661661624908, 0.2171914428472519, -0.09166216850280762, -0.6489188075065613, 0.036212921142578125, -0.054751597344875336, -0.22746990621089935, 0.276317834854126, -0.007648971863090992, 0.2953813076019287, 0.018505193293094635, -0.2613861560821533, 0.1575241982936859, -0.029769528657197952, 0.5254916548728943, -0.5108625292778015, 0.610946536064148, -0.0630120262503624, 0.1386149674654007, -0.14444570243358612, 0.11343799531459808, 0.8730314373970032, -0.20270965993404388, -0.5491032004356384, -0.2422415167093277, -0.3669397532939911, -0.39341720938682556, -0.18434327840805054, -0.32792189717292786, 0.6483531594276428, 0.37167662382125854, -0.17068196833133698, 0.027969956398010254, -0.05497875064611435, -0.15761293470859528, -0.42812037467956543, -0.114065021276474, -0.19033168256282806, -0.33209696412086487, -0.2732078731060028, 0.3215797543525696, 0.09246417135000229, 0.9352231025695801, -0.15947648882865906, -0.07809950411319733, -0.3709399402141571, 0.12040375918149948, 0.557780385017395, 0.117561474442482, 0.5644094944000244, 0.3262641727924347, 0.02912239357829094, -0.23682595789432526, -0.5702819228172302, -0.029589608311653137, 0.4066484570503235, 0.03921471908688545, -0.23117275536060333, 0.05917840823531151, 0.26210594177246094, -0.04323801025748253, -0.05820451304316521, -0.17041882872581482, 0.059753235429525375, 0.1757339984178543, -0.3760582208633423, 0.5196740031242371, -0.09361479431390762, -0.12245053797960281, -0.06573417037725449, -0.4558241665363312, -0.42397427558898926, -0.8642098903656006, -0.09467511624097824, 0.18784034252166748, 0.16809669137001038, -0.0236374344676733, 0.352990984916687, 0.3182108402252197, 0.529237687587738, -0.35769447684288025, 0.4013769328594208, -0.45316851139068604, 0.5272971391677856, -0.12524937093257904, -0.07294663786888123, 0.008149874396622181, 0.22974807024002075, 0.36693665385246277, -0.1721055954694748, -0.17107842862606049, -0.2419842928647995, -0.5419553518295288, 0.02084048092365265, 0.25975990295410156, -0.10927731543779373, -0.01581634394824505, 0.3128510117530823, -0.3828672468662262, -0.294281542301178, 0.10932701081037521, -0.10995139181613922, -0.011441918089985847, 0.224888414144516, -0.5569341778755188, 0.041556328535079956, -0.22772742807865143, -0.03514884039759636, 0.2726341485977173, 0.1568320393562317, 0.030698660761117935, 0.18812106549739838, 0.23373709619045258, 0.1589754819869995, -0.20907694101333618, 0.13187091052532196, -0.2017725259065628, 0.2984365224838257, -0.03292874991893768, -0.23642466962337494, 0.13387951254844666, -0.4083852767944336, 0.3429263234138489, 0.07939143478870392, -0.012568062171339989, 0.15180352330207825, -0.42757245898246765, 0.12285593152046204, -0.04676356539130211, -0.48268941044807434, -0.20177112519741058, -0.2065088301897049, -0.013615147210657597, 0.2991701364517212, 0.21503785252571106, 0.2432800829410553, -0.47746512293815613, -0.11511389911174774, -0.23343230783939362, 0.10580219328403473, -0.17220525443553925, 0.06606171280145645, 0.004954093601554632, -0.47345685958862305, 0.0861651748418808, -0.07309336960315704, -0.10773599147796631, -0.15445946156978607, -0.12841026484966278, 0.07724625617265701, -0.10849705338478088, 0.39127644896507263, -0.033320095390081406, 0.30278465151786804, 0.03144337236881256, -0.3920031189918518, 0.017164766788482666, 0.04390624538064003, 0.030996182933449745, 0.06498460471630096, -0.10628923028707504, -0.4601866602897644, 0.1606978327035904, 0.4158984124660492, -0.3556848466396332, -0.39820849895477295, -0.23842690885066986, 0.29878032207489014, 0.12173538655042648, 0.02600225619971752, 0.48726338148117065, -0.3054499924182892, 0.2505718767642975, 0.11033546924591064, -0.2857089638710022, 0.15843482315540314, 0.007705807685852051, 0.38519546389579773, -0.2543558180332184, -0.11385282129049301, -0.13502773642539978]]
body_pose: [[[-0.011509384959936142, 0.09052897244691849, 0.10211274772882462], [-0.28210145235061646, -0.10950282961130142, -0.1174258440732956], [0.16521401703357697, -0.03926026448607445, 0.008933241479098797], [0.21616482734680176, -0.20387926697731018, -0.06706472486257553], [0.3084478974342346, -0.02460186555981636, 0.03295250982046127], [-0.03492795675992966, 0.001033028238452971, 0.01943281851708889], [-0.16267214715480804, 0.1694115549325943, -0.2251829355955124], [-0.17755921185016632, -0.2561948597431183, 0.020268766209483147], [0.0487147718667984, -0.009346588514745235, 0.024525560438632965], [0.11266183108091354, 0.1495802253484726, 0.22626501321792603], [0.04689159616827965, -0.08492699265480042, 0.004232440143823624], [-0.06655517965555191, 0.13686077296733856, 0.027329735457897186], [0.03819809854030609, 0.04832601547241211, -0.2632179260253906], [0.05275306478142738, -0.12265422195196152, 0.2744169533252716], [0.09206284582614899, 0.12827293574810028, -0.10591770708560944], [0.027156619355082512, -0.1029844731092453, -0.8644077181816101], [0.5048955082893372, 0.3046688735485077, 0.8777186274528503], [-0.2209702730178833, -0.9401929378509521, -0.051507290452718735], [0.05912141874432564, 1.0817842483520508, 0.23237909376621246], [-0.03284383937716484, -0.2121524065732956, 0.3075425624847412], [-0.21508347988128662, 0.24523767828941345, 0.07165096700191498]]]
bodypose_mat: [[[[0.9907033443450928, -0.10231400281190872, 0.08965954184532166], [0.10127370804548264, 0.9947284460067749, 0.016088303178548813], [-0.09083297103643417, -0.0068585812114179134, 0.9958425164222717]], [[0.9872229099273682, 0.1306849867105484, -0.09117197245359421], [-0.10006434470415115, 0.9537234306335449, 0.28354671597480774], [0.12400814145803452, -0.27080076932907104, 0.954614520072937]], [[0.9991913437843323, -0.012125615030527115, -0.03833514824509621], [0.005654886364936829, 0.9863452315330505, -0.1645938605070114], [0.03980749100446701, 0.16424398124217987, 0.9856162071228027]], [[0.9771453738212585, 0.04416646063327789, -0.2079334855079651], [-0.08789826184511185, 0.9745849370956421, -0.2060534507036209], [0.19354820251464844, 0.21962113678455353, 0.9561933279037476]], [[0.9991611838340759, -0.036186959594488144, -0.019165555015206337], [0.02865958958864212, 0.9522740244865417, -0.30389612913131714], [0.029247933998703957, 0.30309197306632996, 0.9525123238563538]], [[0.9998106956481934, -0.01944567821919918, 0.0006934239063411951], [0.019409604370594025, 0.9992013573646545, 0.034928686916828156], [-0.0013720821589231491, -0.03490861505270004, 0.9993896484375]], [[0.9606452584266663, 0.20757244527339935, 0.18459254503250122], [-0.2348887026309967, 0.9617544412612915, 0.140910342335701], [-0.14828358590602875, -0.17872354388237, 0.9726612567901611]], [[0.9672443270683289, 0.0026197866536676884, -0.25383368134498596], [0.0425012931227684, 0.9841603636741638, 0.1721104085445404], [0.2502639591693878, -0.177261084318161, 0.951812207698822]], [[0.9996557235717773, -0.02474064938724041, -0.00874459370970726], [0.024285444989800453, 0.9985130429267883, -0.04880450293421745], [0.009939046576619148, 0.048575326800346375, 0.9987701177597046]], [[0.963478684425354, -0.2146604359149933, 0.16009333729743958], [0.23139159381389618, 0.9682847261428833, -0.0942479819059372], [-0.13478460907936096, 0.12785016000270844, 0.9825923442840576]], [[0.9963876605033875, -0.00621540704742074, -0.08469443768262863], [0.0022361765149980783, 0.9988924264907837, -0.04699752479791641], [0.08489275723695755, 0.046638354659080505, 0.9952979683876038]], [[0.9902805089950562, -0.031766295433044434, 0.135408416390419], [0.022675635293126106, 0.9974168539047241, 0.06815674901008606], [-0.1372237354516983, -0.0644238293170929, 0.9884427785873413]], [[0.9644080400466919, 0.2609410881996155, 0.04274289682507515], [-0.259106308221817, 0.9648435711860657, -0.04405605047941208], [-0.05273623391985893, 0.03141305223107338, 0.9981144070625305]], [[0.9551751613616943, -0.2733874022960663, -0.11357706785202026], [0.2669670581817627, 0.9612582921981812, -0.06863702833652496], [0.12794139981269836, 0.035239048302173615, 0.9911555051803589]], [[0.9862053990364075, 0.11116756498813629, 0.12264063954353333], [-0.09939391165971756, 0.9901825189590454, -0.09828194230794907], [-0.13236239552497864, 0.08473644405603409, 0.9875727295875549]], [[0.6444504857063293, 0.7578843832015991, -0.10146350413560867], [-0.76050865650177, 0.6490805745124817, 0.017915628850460052], [0.07943595945835114, 0.06561814248561859, 0.9946779012680054]], [[0.6071402430534363, -0.6530475616455078, 0.4526694715023041], [0.7930640578269958, 0.5333679914474487, -0.29422441124916077], [-0.04929686710238457, 0.5376313328742981, 0.8417377471923828]], [[0.5901898741722107, 0.13987231254577637, -0.7950544953346252], [0.05218378081917763, 0.9762045741081238, 0.21047906577587128], [0.8055760860443115, -0.16571155190467834, 0.5688470005989075]], [[0.447992205619812, -0.1588260531425476, 0.8798166513442993], [0.21650108695030212, 0.9740758538246155, 0.06560208648443222], [-0.867427408695221, 0.16109205782413483, 0.4707643985748291]], [[0.9310187697410583, -0.296939492225647, -0.21220490336418152], [0.30382612347602844, 0.9527274966239929, -0.000163103875820525], [0.20222187042236328, -0.06432153284549713, 0.9772251844406128]], [[0.9676645398139954, -0.09645548462867737, 0.23307009041309357], [0.044197361916303635, 0.9745405912399292, 0.2198118418455124], [-0.24833831191062927, -0.20240305364131927, 0.9472914338111877]]]]
global_orient: [[[2.9327170848846436, 0.04271814972162247, -0.9199973344802856]]]
globalorient_mat: [[[[0.820669949054718, 0.04672182723879814, -0.5694893002510071], [0.006251512095332146, -0.9973260164260864, -0.07281343638896942], [-0.5713684558868408, 0.05619562417268753, -0.8187675476074219]]]]
transl: [[0.05367930606007576, 0.25219735503196716, 0.005999348592013121]]
expression: [[-0.6866012811660767, -0.14802414178848267, -0.030488338321447372, -0.07648681849241257, -0.17707210779190063, -0.4666578471660614, -0.20636585354804993, 0.49374955892562866, 0.08353103697299957, -0.07554535567760468, 0.025184225291013718, 0.33930665254592896, 0.12133481353521347, -0.045442722737789154, 0.24794022738933563, -0.06370680034160614, -0.04066181182861328, 0.11944162845611572, -0.13721594214439392, -0.021519392728805542, -0.1550198644399643, 0.05761386454105377, -0.12121447920799255, 0.04442492872476578, 0.0061231087893247604, 0.03781791776418686, -0.04149973392486572, 0.038727909326553345, -0.09263072162866592, -0.08469454944133759, -0.014609398320317268, -0.14285773038864136, -0.029862284660339355, -0.0071092285215854645, 0.13033699989318848, -0.04014745354652405, 0.2344011515378952, 0.009198278188705444, 0.042043864727020264, -0.011347893625497818, -0.0729694589972496, 0.04336512088775635, -0.1029948815703392, 0.029310353100299835, 0.05040159076452255, 0.008268676698207855, -0.020174279808998108, 0.01347239688038826, -0.01299615390598774, -0.00013610837049782276]]
jaw_pose: [[[0.034491561353206635, 0.0025611890014261007, 0.011164656840264797]]]
left_hand_pose: [[[0.0429580882191658, 0.07874661684036255, -0.40160444378852844], [0.12373879551887512, -0.06086064130067825, -0.5595569610595703], [-0.098966084420681, -0.09039822965860367, -0.1366419941186905], [-0.2658146619796753, 0.04290127009153366, -0.8371053338050842], [-0.12381452322006226, 0.03560665249824524, -0.9314666986465454], [0.000106801773654297, -0.12465266138315201, -0.48024505376815796], [-0.490371972322464, -0.45189905166625977, -0.6755792498588562], [-0.5798919796943665, -0.13276588916778564, -0.7190557718276978], [-0.4111382067203522, -0.06922279298305511, -0.49711450934410095], [-0.2049955427646637, -0.22679178416728973, -0.889130175113678], [-0.4487040042877197, -0.15921375155448914, -0.9845379590988159], [-0.1968679577112198, -0.1732121855020523, -0.5924546122550964], [0.8212677836418152, 0.3968379497528076, -0.0225200317800045], [-0.48619943857192993, 0.06132311746478081, -0.0944928377866745], [0.6366502046585083, 0.10550180822610855, -0.026023851707577705]]]
right_hand_pose: [[[0.09710725396871567, -0.2383335530757904, 0.6283347010612488], [0.2415521889925003, 0.11668858677148819, 0.929076075553894], [-0.20631669461727142, 0.156829833984375, 0.22508949041366577], [-0.10326192528009415, -0.15742629766464233, 0.8884680867195129], [-0.23630023002624512, -0.053558167070150375, 0.7056650519371033], [-0.005455969832837582, 0.14134858548641205, 0.428588330745697], [-0.40224340558052063, 0.34030404686927795, 0.8164097666740417], [-0.4571359157562256, 0.07103259861469269, 0.5599291324615479], [-0.35844868421554565, 0.10024571418762207, 0.197529137134552], [-0.04916961491107941, 0.06469682604074478, 0.9075509905815125], [-0.44291964173316956, 0.10395953059196472, 0.699467658996582], [-0.2226380556821823, 0.21903428435325623, 0.5147665739059448], [0.9077656269073486, -0.3058549761772156, 0.006612058263272047], [-0.5618776082992554, -0.19197817146778107, 0.14937637746334076], [0.7474844455718994, -0.2362571507692337, 0.3505127727985382]]]
scale: [[1.0150758028030396]]
smpl_joints: [[0.05679367482662201, -0.09556306898593903, -0.01955081894993782], [0.1102677434682846, -0.0012684502871707082, -0.002826746553182602], [0.0139051778241992, 0.010002908296883106, -0.062082622200250626], [0.07558947056531906, -0.2044445127248764, -0.05018775165081024], [0.1759289652109146, 0.3744347095489502, 0.06506764888763428], [-0.12382618337869644, 0.3502967953681946, -0.03053341992199421], [0.08050097525119781, -0.340316504240036, -0.04172026738524437], [0.20607298612594604, 0.77317214012146, -0.021124238148331642], [-0.1357295960187912, 0.7647994756698608, -0.0349893793463707], [0.0543733686208725, -0.3931684195995331, -0.027191229164600372], [0.17481231689453125, 0.8403549194335938, 0.10101155936717987], [-0.2690607011318207, 0.7941612005233765, 0.002681143581867218], [0.04380707070231438, -0.5554351806640625, -0.04545679688453674], [0.0852525532245636, -0.478840708732605, 0.002875200007110834], [0.014327657409012318, -0.47453898191452026, -0.0598047710955143], [0.04205857217311859, -0.7125434279441833, -0.01795116253197193], [0.19938507676124573, -0.509468674659729, 0.06766816973686218], [-0.06233850121498108, -0.49420157074928284, -0.14728403091430664], [0.28524041175842285, -0.25404396653175354, 0.050636544823646545], [-0.06490778177976608, -0.2380305826663971, -0.2547636330127716], [0.24129581451416016, -0.11128973960876465, 0.26268303394317627], [-0.06694357842206955, -0.04567476734519005, -0.08627478033304214], [0.16332978010177612, -0.04835929721593857, 0.35085928440093994], [0.018635502085089684, 0.006814085878431797, 0.01519970316439867]]
