betas: [[0.04381825029850006, 0.3222953677177429, -0.6102612614631653, -0.48424220085144043, -0.9861949682235718, -0.06285691261291504, -0.47803929448127747, 0.07389924675226212, -0.45934978127479553, -0.25009235739707947, -0.6935839653015137, 0.3834816515445709, -0.2620072066783905, -0.5242039561271667, -0.33358335494995117, -0.4666792154312134, 0.26735812425613403, -0.33093559741973877, -0.5912492275238037, 0.12753844261169434, 0.2111005336046219, -0.12019285559654236, -0.7064701914787292, 0.12800811231136322, -0.030092427507042885, -0.33369630575180054, 0.3453538417816162, -0.054076507687568665, 0.3945562243461609, 0.12287633866071701, -0.36242231726646423, 0.27900230884552, -0.020381048321723938, 0.477390319108963, -0.40253543853759766, 0.6164071559906006, -0.06459242850542068, 0.16934432089328766, -0.22628085315227509, -0.05190681293606758, 1.0184887647628784, -0.21118709444999695, -0.6209102869033813, -0.3974613845348358, -0.2530604302883148, -0.4061039090156555, -0.1957377791404724, -0.35722479224205017, 0.6728174686431885, 0.38152289390563965, -0.21996565163135529, 0.04771532863378525, -0.10475607961416245, -0.2177872210741043, -0.4286937713623047, -0.23340150713920593, -0.304938942193985, -0.41873517632484436, -0.24359969794750214, 0.4762589633464813, 0.07594957947731018, 1.005077838897705, -0.09600844979286194, -0.10280890762805939, -0.4301402270793915, 0.2992917001247406, 0.5810753703117371, 0.25914323329925537, 0.5848691463470459, 0.45653557777404785, 0.21250618994235992, -0.31746384501457214, -0.6697782874107361, -0.022731218487024307, 0.4352095425128937, -0.004544983152300119, -0.16895923018455505, -0.24023759365081787, 0.19276918470859528, -0.05603475123643875, -0.13421012461185455, -0.07783549278974533, 0.1674915999174118, 0.08744613826274872, -0.33800461888313293, 0.5951871871948242, -0.15880683064460754, -0.27980273962020874, 0.00537516362965107, -0.462726891040802, -0.5086544752120972, -0.8604991436004639, -0.03297710418701172, 0.33862221240997314, 0.07236073911190033, -0.07221954315900803, 0.5041248798370361, 0.33058983087539673, 0.5270346999168396, -0.36436668038368225, 0.6090911030769348, -0.43600335717201233, 0.5810747742652893, -0.003053446300327778, -0.17079633474349976, 0.010953197255730629, 0.3334152400493622, 0.3683971166610718, -0.15072566270828247, -0.2953547537326813, -0.19118185341358185, -0.7125065922737122, -0.08980197459459305, 0.39285844564437866, -0.23641709983348846, 0.05578260123729706, 0.2975740134716034, -0.40503671765327454, -0.40637126564979553, 0.060045596212148666, -0.06045794114470482, 0.012558874674141407, 0.334537148475647, -0.6318336725234985, -0.026571160182356834, -0.21207374334335327, -0.18702048063278198, 0.3150460720062256, 0.275746613740921, 0.04171799495816231, 0.18307997286319733, 0.261733740568161, 0.17096319794654846, -0.12411078065633774, 0.05840126425027847, -0.06830281764268875, 0.1605241298675537, -0.1525447517633438, -0.41345930099487305, -0.03668354079127312, -0.45068663358688354, 0.35252416133880615, 0.18306294083595276, -0.052533891052007675, 0.06814778596162796, -0.49859488010406494, 0.2238776832818985, -0.06932654976844788, -0.4417942464351654, -0.07534030824899673, -0.1604163646697998, -0.026717282831668854, 0.2870182693004608, 0.1512048989534378, 0.2488050013780594, -0.43286532163619995, -0.2632162868976593, -0.23673155903816223, 0.06704846024513245, -0.2028704136610031, 0.18742451071739197, 0.04018246382474899, -0.5181591510772705, 0.19135348498821259, -0.07718875259160995, -0.11190938204526901, -0.056198667734861374, -0.11285597085952759, 0.004941325634717941, -0.2099359780550003, 0.4030979573726654, 0.11793138831853867, 0.3444770276546478, 0.010075530037283897, -0.44167014956474304, 0.1624993234872818, 0.24750830233097076, 0.06631238013505936, 0.032499250024557114, -0.15451575815677643, -0.38064512610435486, 0.2407524138689041, 0.3604576587677002, -0.40013065934181213, -0.43280917406082153, -0.28165915608406067, 0.2580426335334778, 0.1987989991903305, 0.11260008811950684, 0.5278705358505249, -0.21958273649215698, 0.43260717391967773, 0.10800580680370331, -0.2999626398086548, 0.16879062354564667, -0.026186496019363403, 0.34643638134002686, -0.23602686822414398, -0.1004994660615921, -0.1632881760597229]]
body_pose: [[[0.016310732811689377, 0.09559785574674606, 0.09409619867801666], [-0.253520131111145, -0.14720632135868073, -0.13787640631198883], [0.14616802334785461, -0.039123766124248505, 0.007619547192007303], [0.16024410724639893, -0.2236029952764511, -0.03962589427828789], [0.3146792948246002, -0.009623183868825436, 0.03784935548901558], [-0.01616520807147026, 0.012273823842406273, 0.023707106709480286], [-0.18798618018627167, 0.21468891203403473, -0.33070534467697144], [-0.18867367506027222, -0.25754353404045105, -0.06232114136219025], [0.042232945561409, -0.01162614393979311, 0.029330169782042503], [0.05609341710805893, 0.11871171742677689, 0.34741640090942383], [-0.14878615736961365, -0.14168143272399902, -0.03295517340302467], [-0.08279835432767868, 0.052579764276742935, 0.03995430842041969], [0.017068982124328613, 0.036108650267124176, -0.26790672540664673], [-0.009000111371278763, -0.09477343410253525, 0.31860053539276123], [0.13712166249752045, 0.07631734013557434, -0.14666159451007843], [0.05662163719534874, -0.09438888728618622, -0.8773417472839355], [0.48388436436653137, 0.2700439989566803, 0.8628904223442078], [-0.1606941968202591, -0.9442773461341858, -0.0376298762857914], [0.1160866767168045, 1.0298482179641724, 0.20796510577201843], [-0.09672310948371887, -0.1899499148130417, 0.35390809178352356], [-0.35034725069999695, 0.31031012535095215, -0.003350270679220557]]]
bodypose_mat: [[[[0.9910171627998352, -0.09303165227174759, 0.09607341885566711], [0.09458855539560318, 0.9954468607902527, -0.011770284734666348], [-0.09454097598791122, 0.02075199969112873, 0.9953046441078186]], [[0.9798374176025391, 0.15397454798221588, -0.12731996178627014], [-0.11698003858327866, 0.9587217569351196, 0.25916844606399536], [0.16196975111961365, -0.23904907703399658, 0.9574034214019775]], [[0.9992071390151978, -0.010444286279380322, -0.03841846063733101], [0.004736574832350016, 0.9893088936805725, -0.1457582414150238], [0.03953006491065025, 0.14546070992946625, 0.9885739684104919]], [[0.9743812680244446, 0.021317195147275925, -0.22388987243175507], [-0.056918203830718994, 0.9864632487297058, -0.15378722548484802], [0.21758082509040833, 0.16259080171585083, 0.9624046683311462]], [[0.9992438554763794, -0.03871970996260643, -0.0035572543274611235], [0.03571679815649986, 0.9501916766166687, -0.3096129298210144], [0.015368198975920677, 0.30925169587135315, 0.9508561491966248]], [[0.9996437430381775, -0.02380245551466942, 0.012080232612788677], [0.02360406517982483, 0.9995883703231812, 0.01630806177854538], [-0.012463431805372238, -0.016017107293009758, 0.999794065952301]], [[0.923499345779419, 0.3004285395145416, 0.23851971328258514], [-0.34014949202537537, 0.9287906885147095, 0.14712660014629364], [-0.17733384668827057, -0.21700367331504822, 0.9599282145500183]], [[0.9652022123336792, 0.08531026542186737, -0.2471981793642044], [-0.03714553639292717, 0.9804326295852661, 0.19331865012645721], [0.2588532269001007, -0.17740926146507263, 0.949484646320343]], [[0.999502420425415, -0.02956203557550907, -0.011001553386449814], [0.029071144759655, 0.9986783266067505, -0.04238384589552879], [0.012239966541528702, 0.04204292967915535, 0.9990407824516296]], [[0.9333758354187012, -0.33619293570518494, 0.12563373148441315], [0.34277570247650146, 0.9387861490249634, -0.0344274677336216], [-0.10636895149946213, 0.07519795745611191, 0.9914790987968445]], [[0.9894582033157349, 0.04322003200650215, -0.13821843266487122], [-0.022215720266103745, 0.9884302020072937, 0.15004093945026398], [0.14310403168201447, -0.1453886330127716, 0.9789705276489258]], [[0.9978214502334595, -0.04205438494682312, 0.05082899332046509], [0.03770492970943451, 0.9957780241966248, 0.08369307219982147], [-0.054134052246809006, -0.08159425109624863, 0.9951943159103394]], [[0.9636840224266052, 0.2649489939212799, 0.03339622542262077], [-0.2643364369869232, 0.9641871452331543, -0.02166840061545372], [-0.03794122859835625, 0.012053650803864002, 0.9992074370384216]], [[0.9452630281448364, -0.31233906745910645, -0.09445711970329285], [0.3131842315196991, 0.9496726393699646, -0.006123664788901806], [0.09161600470542908, -0.023794004693627357, 0.9955101013183594]], [[0.9863855242729187, 0.15074874460697174, 0.06571521610021591], [-0.14032414555549622, 0.9799214005470276, -0.1416446417570114], [-0.08574849367141724, 0.13049478828907013, 0.9877339601516724]], [[0.635394811630249, 0.7649019956588745, -0.1058228462934494], [-0.7699072360992432, 0.6380653381347656, -0.010749290697276592], [0.059299737215042114, 0.08830380439758301, 0.9943270087242126]], [[0.6258377432823181, -0.6595978736877441, 0.4162425696849823], [0.7792102694511414, 0.5520491003990173, -0.29677140712738037], [-0.034036535769701004, 0.5100712180137634, 0.8594585657119751]], [[0.5866252779960632, 0.10236121714115143, -0.8033635020256042], [0.03810935094952583, 0.9873921871185303, 0.15363726019859314], [0.8089613318443298, -0.12074317038059235, 0.5753282904624939]], [[0.49759426712989807, -0.11693157255649567, 0.859492301940918], [0.22575823962688446, 0.974181592464447, 0.0018343256087973714], [-0.8375161290168762, 0.1931247115135193, 0.5111454129219055]], [[0.9204749464988708, -0.334869384765625, -0.20146562159061432], [0.3529821038246155, 0.9336487054824829, 0.06085791066288948], [0.16771867871284485, -0.12713193893432617, 0.9776031374931335]], [[0.9527208209037781, -0.05014381930232048, 0.29968103766441345], [-0.05660240352153778, 0.9397349953651428, 0.3371857702732086], [-0.2985285520553589, -0.33820655941963196, 0.8924668431282043]]]]
global_orient: [[[2.9302456378936768, 0.045385513454675674, -0.9049391150474548]]]
globalorient_mat: [[[[0.8257021307945251, 0.05018289387226105, -0.561869740486145], [0.006286557763814926, -0.9967919588088989, -0.07978909462690353], [-0.5640712380409241, 0.06234980374574661, -0.8233687281608582]]]]
transl: [[0.05976149067282677, 0.24324379861354828, 0.016722092404961586]]
expression: [[-0.591425895690918, -0.20429477095603943, 0.05912964418530464, -0.04248625040054321, -0.2636619210243225, -0.5372560620307922, -0.1922578364610672, 0.4643949270248413, 0.1368952989578247, 0.043792665004730225, 0.011604104191064835, 0.5058189034461975, 0.16967880725860596, -0.1372075378894806, 0.3693605363368988, -0.13480186462402344, -0.22132879495620728, 0.14353616535663605, -0.19330281019210815, 0.05987466126680374, -0.1406632661819458, -0.0029156431555747986, -0.1059810146689415, 0.018307726830244064, -0.05793767794966698, 0.06865938752889633, -0.023691844195127487, 0.09445405006408691, -0.1383911371231079, -0.10727141797542572, -0.017466479912400246, -0.11928270757198334, 0.011765546165406704, -0.020719245076179504, 0.15940791368484497, -0.07772189378738403, 0.25290220975875854, -0.015148013830184937, 0.06517678499221802, 0.05735129490494728, -0.06468921154737473, 0.027929872274398804, -0.08375808596611023, 0.05641976371407509, 0.03372427076101303, 0.01718653365969658, -0.03900180011987686, 0.039471473544836044, -0.05059826374053955, 0.008512173779308796]]
jaw_pose: [[[0.0511942133307457, 0.0028587919659912586, 0.004144876264035702]]]
left_hand_pose: [[[0.023209773004055023, 0.059636518359184265, -0.45899689197540283], [0.1755511462688446, -0.06524606049060822, -0.6391379237174988], [-0.16337467730045319, -0.09276080131530762, -0.15744002163410187], [-0.24235239624977112, 0.02489320933818817, -0.8636766076087952], [-0.1375846564769745, 0.026852140203118324, -0.9625447392463684], [0.027915671467781067, -0.12850123643875122, -0.4898436367511749], [-0.4123649299144745, -0.49690982699394226, -0.6369196176528931], [-0.7083439826965332, -0.16277645528316498, -0.7718049883842468], [-0.3289218842983246, -0.11126650124788284, -0.5980120301246643], [-0.18475189805030823, -0.24638307094573975, -0.8717283606529236], [-0.45245280861854553, -0.1791294664144516, -1.0600905418395996], [-0.17749477922916412, -0.18212290108203888, -0.6041772365570068], [0.8001390695571899, 0.42297983169555664, -0.025234011933207512], [-0.47752073407173157, 0.04327375069260597, -0.1163821816444397], [0.6703124046325684, 0.10402242094278336, 0.05983325093984604]]]
right_hand_pose: [[[0.1069951057434082, -0.12985800206661224, 0.5075138807296753], [0.17422422766685486, 0.062146853655576706, 0.8710798025131226], [-0.1097186952829361, 0.09866812825202942, 0.19736243784427643], [-0.084514319896698, -0.1338678002357483, 0.7632696032524109], [-0.20510151982307434, -0.08283204585313797, 0.6051305532455444], [-0.023547453805804253, 0.08782678842544556, 0.29902735352516174], [-0.35251161456108093, 0.21812012791633606, 0.7352190613746643], [-0.30211982131004333, 0.04632548242807388, 0.4589696228504181], [-0.3469783067703247, 0.09167182445526123, 0.062007058411836624], [-0.04610307142138481, 0.03763352334499359, 0.8160027861595154], [-0.3705734312534332, 0.04957187548279762, 0.5426191091537476], [-0.20303264260292053, 0.1692240834236145, 0.35155585408210754], [0.8149898052215576, -0.18652960658073425, 0.005548599176108837], [-0.5124702453613281, -0.10505326092243195, 0.09220194816589355], [0.6222832798957825, -0.1775675266981125, 0.2629183232784271]]]
scale: [[1.0149296522140503]]
smpl_joints: [[0.0630931407213211, -0.1048486977815628, -0.029921699315309525], [0.1163458526134491, -0.0099518783390522, -0.012764321640133858], [0.019046926870942116, 0.0014848833670839667, -0.07125629484653473], [0.08244942873716354, -0.2142421454191208, -0.06183532252907753], [0.1844068169593811, 0.3709540367126465, 0.046397097408771515], [-0.11989475041627884, 0.34622931480407715, -0.05125989764928818], [0.09001767635345459, -0.35057076811790466, -0.05674062296748161], [0.21352122724056244, 0.7759671807289124, -0.024217970669269562], [-0.12816768884658813, 0.7638455629348755, -0.06697745621204376], [0.06414063274860382, -0.4039514362812042, -0.04195855185389519], [0.18025712668895721, 0.8407474756240845, 0.09972494095563889], [-0.2648676633834839, 0.7891970872879028, -0.03536709398031235], [0.05337676778435707, -0.567007303237915, -0.06297191232442856], [0.09589177370071411, -0.4905323386192322, -0.013641946017742157], [0.02324659936130047, -0.48523658514022827, -0.07553005963563919], [0.04999934136867523, -0.7254260182380676, -0.03980183228850365], [0.21233975887298584, -0.5208232998847961, 0.04994960129261017], [-0.056453026831150055, -0.4968733787536621, -0.16324743628501892], [0.2955071032047272, -0.26261046528816223, 0.03324015811085701], [-0.06537895649671555, -0.2315405011177063, -0.2518979012966156], [0.24426551163196564, -0.11940304189920425, 0.24631540477275848], [-0.07231058925390244, -0.04076957330107689, -0.07830967754125595], [0.16906195878982544, -0.05874016508460045, 0.33460962772369385], [0.0009839206468313932, 0.017652740702033043, 0.04811858385801315]]
