betas: [[-0.09169516712427139, 0.2730250358581543, -0.5662239193916321, -0.47699716687202454, -0.9231755137443542, -0.1196824312210083, -0.4885712265968323, 0.039686284959316254, -0.38257884979248047, -0.26626041531562805, -0.7134668231010437, 0.42008355259895325, -0.2889050245285034, -0.4727155268192291, -0.27332383394241333, -0.306456595659256, 0.20228791236877441, -0.025280943140387535, -0.550652265548706, 0.22016146779060364, 0.14362114667892456, -0.08785188943147659, -0.6154506802558899, -0.006255358923226595, -0.07659190148115158, -0.2614998519420624, 0.26630520820617676, -0.040403351187705994, 0.29913654923439026, 0.017692390829324722, -0.31385481357574463, 0.15530867874622345, -0.0790151059627533, 0.5635891556739807, -0.5565662384033203, 0.6387789845466614, -0.08285138756036758, 0.12655387818813324, -0.15264298021793365, 0.09635329991579056, 0.8547848463058472, -0.20446233451366425, -0.5826269388198853, -0.26021042466163635, -0.3179350197315216, -0.35155853629112244, -0.202920064330101, -0.3505013883113861, 0.67925626039505, 0.34352144598960876, -0.1623593419790268, 0.08244854211807251, -0.048208896070718765, -0.19039078056812286, -0.4429672956466675, -0.13778845965862274, -0.2166045606136322, -0.44429758191108704, -0.3654881417751312, 0.34739598631858826, 0.0723741427063942, 0.9465044140815735, -0.1747332066297531, -0.06159505248069763, -0.3877570927143097, 0.10816673189401627, 0.5961103439331055, 0.10221660882234573, 0.5596980452537537, 0.2957143783569336, 0.020092623308300972, -0.2811499238014221, -0.5089085102081299, -0.0032010816503316164, 0.5059013962745667, 0.045354511588811874, -0.21477657556533813, 0.04316570609807968, 0.2525627911090851, -0.064884714782238, -0.0888279527425766, -0.06992170214653015, 0.023387081921100616, 0.1519073098897934, -0.29438158869743347, 0.4973151385784149, -0.13487021625041962, -0.14001896977424622, -0.034976065158843994, -0.4391172230243683, -0.40436893701553345, -0.8665151596069336, -0.12198153138160706, 0.22054551541805267, 0.19731321930885315, -0.023044992238283157, 0.3221938908100128, 0.3540634512901306, 0.5411060452461243, -0.3935622572898865, 0.43760937452316284, -0.3997315764427185, 0.5143690705299377, -0.14809979498386383, -0.12137030810117722, -0.022828388959169388, 0.2405526340007782, 0.31548866629600525, -0.16007035970687866, -0.16280269622802734, -0.21956561505794525, -0.5488345623016357, 0.010196746326982975, 0.2458178550004959, -0.1262260377407074, -0.06554464250802994, 0.31166982650756836, -0.3384365737438202, -0.3488015830516815, 0.07968635112047195, -0.10768521577119827, -0.032814450562000275, 0.21434897184371948, -0.6175549626350403, 0.032210323959589005, -0.2206960767507553, -0.04883056879043579, 0.290435254573822, 0.14017480611801147, 0.03508458659052849, 0.20092347264289856, 0.2647203803062439, 0.1831488013267517, -0.18797867000102997, 0.12846727669239044, -0.18494592607021332, 0.29596537351608276, -0.027606459334492683, -0.22283801436424255, 0.09128613024950027, -0.43222302198410034, 0.31368720531463623, 0.0565560944378376, -0.017905039712786674, 0.07144857197999954, -0.4629431664943695, 0.14235778152942657, -0.056693486869335175, -0.5234615206718445, -0.1827189028263092, -0.1971311867237091, -0.02018263377249241, 0.30957990884780884, 0.1811320185661316, 0.179366797208786, -0.4953276813030243, -0.11918508261442184, -0.20612478256225586, 0.10414738208055496, -0.1748991757631302, 0.04096761718392372, 0.011575735174119473, -0.4136395752429962, 0.14025777578353882, -0.11629865318536758, -0.09306517988443375, -0.13875053822994232, -0.12460072338581085, 0.16139419376850128, -0.07986079901456833, 0.4741813540458679, -0.01435508206486702, 0.3428551256656647, 0.03359202295541763, -0.46564939618110657, 0.03646029531955719, 0.06869316101074219, 0.03145967051386833, 0.047700878232717514, -0.13489262759685516, -0.45627421140670776, 0.16767394542694092, 0.338545560836792, -0.34741953015327454, -0.3828762173652649, -0.275221586227417, 0.3008430004119873, 0.08207742869853973, 0.02275841310620308, 0.5124972462654114, -0.23866267502307892, 0.25407516956329346, 0.1618260145187378, -0.26069849729537964, 0.1416553258895874, 0.03487710282206535, 0.3848378360271454, -0.23705452680587769, -0.12398704141378403, -0.16438420116901398]]
body_pose: [[[-0.012695339508354664, 0.09161657840013504, 0.09951528906822205], [-0.2870402932167053, -0.11746985465288162, -0.12001890689134598], [0.16801737248897552, -0.03610778599977493, 0.00660285446792841], [0.21917317807674408, -0.19386610388755798, -0.076693095266819], [0.3064095973968506, -0.03055427223443985, 0.034725360572338104], [-0.03396828472614288, 0.004311727359890938, 0.019406475126743317], [-0.16277959942817688, 0.1640457659959793, -0.21308858692646027], [-0.18135765194892883, -0.2558916211128235, 0.027621954679489136], [0.043204594403505325, -0.008577466011047363, 0.023689892143011093], [0.11951999366283417, 0.15130595862865448, 0.25374636054039], [0.016376903280615807, -0.09305624663829803, 0.025150960311293602], [-0.06948097050189972, 0.13861383497714996, 0.02200504206120968], [0.04933462291955948, 0.0331791415810585, -0.26944297552108765], [-0.009580226615071297, -0.12382207810878754, 0.31723928451538086], [0.11307951807975769, 0.12763555347919464, -0.07731890678405762], [0.048994407057762146, -0.11189202964305878, -0.8489537239074707], [0.46591469645500183, 0.35717007517814636, 0.8853157758712769], [-0.22800247371196747, -0.9472903609275818, -0.07562905550003052], [0.12564921379089355, 1.1402732133865356, 0.20629088580608368], [-0.050425466150045395, -0.2022208720445633, 0.41276052594184875], [-0.13147875666618347, 0.15390771627426147, 0.006525460630655289]]]
bodypose_mat: [[[[0.9908655881881714, -0.09979008138179779, 0.09070426970720291], [0.09862876683473587, 0.9949754476547241, 0.017207937315106392], [-0.09196571260690689, -0.008104703389108181, 0.9957290887832642]], [[0.9860276579856873, 0.13452333211898804, -0.09824956208467484], [-0.10111436247825623, 0.9520461559295654, 0.288763165473938], [0.13238348066806793, -0.2747940123081207, 0.9523460865020752]], [[0.9993279576301575, -0.00959625281393528, -0.03537672385573387], [0.0035444546956568956, 0.9858981370925903, -0.1673092544078827], [0.03648338466882706, 0.16707143187522888, 0.9852696061134338]], [[0.9784322381019592, 0.05444522202014923, -0.19926369190216064], [-0.09661244601011276, 0.9732456207275391, -0.20846834778785706], [0.18258240818977356, 0.2232235223054886, 0.9575150012969971]], [[0.9989388585090637, -0.03881597891449928, -0.024789959192276], [0.029528547078371048, 0.9528329372406006, -0.3020554184913635], [0.03534526750445366, 0.3010028898715973, 0.9529680013656616]], [[0.9998025298118591, -0.019474685192108154, 0.00398105476051569], [0.019328244030475616, 0.9992348551750183, 0.03400135040283203], [-0.004640174098312855, -0.033917684108018875, 0.9994139671325684]], [[0.9641379117965698, 0.1963544338941574, 0.17855827510356903], [-0.22283856570720673, 0.9643430709838867, 0.14277729392051697], [-0.14415650069713593, -0.1774466633796692, 0.9735150337219238]], [[0.9671509861946106, -0.004154940135776997, -0.25416868925094604], [0.05018072575330734, 0.9833117723464966, 0.174871027469635], [0.2492004930973053, -0.18188104033470154, 0.9512194395065308]], [[0.9996827244758606, -0.023865273222327232, -0.008062239736318588], [0.02349475771188736, 0.9987863302230835, -0.04328816011548042], [0.009085537865757942, 0.043084997683763504, 0.9990301728248596]], [[0.9567278027534485, -0.24050702154636383, 0.1637936532497406], [0.2584385275840759, 0.9609956741333008, -0.09847231209278107], [-0.1337217092514038, 0.13654178380966187, 0.9815675616264343]], [[0.9953576922416687, -0.025872284546494484, -0.09270225465297699], [0.024349525570869446, 0.999549925327301, -0.0175201166421175], [0.09311382472515106, 0.0151815265417099, 0.995539665222168]], [[0.9901710748672485, -0.026720881462097168, 0.1372850239276886], [0.017109526321291924, 0.9973495602607727, 0.07071929425001144], [-0.13881082832813263, -0.06767532229423523, 0.9880038499832153]], [[0.9633830785751343, 0.26685020327568054, 0.02615535259246826], [-0.2652237117290497, 0.9627206921577454, -0.05315264314413071], [-0.03936409577727318, 0.04426933452486992, 0.9982438087463379]], [[0.942572295665741, -0.310550719499588, -0.12294570356607437], [0.31172552704811096, 0.9501190185546875, -0.010055407881736755], [0.11993575096130371, -0.028847364708781242, 0.9923624396324158]], [[0.988897979259491, 0.08406338095664978, 0.12253229320049286], [-0.06967252492904663, 0.9906447529792786, -0.11733992397785187], [-0.13124996423721313, 0.10750007629394531, 0.9855034947395325]], [[0.6553100943565369, 0.7460510730743408, -0.11822204291820526], [-0.7512052059173584, 0.660067081451416, 0.0014499324606731534], [0.07911621034145355, 0.08785886317491531, 0.9929860830307007]], [[0.5855931043624878, -0.652289092540741, 0.48124799132347107], [0.8036282658576965, 0.5448932647705078, -0.23931770026683807], [-0.10612448304891586, 0.5268872380256653, 0.8432836532592773]], [[0.58327317237854, 0.16381894052028656, -0.7955852150917053], [0.0355137474834919, 0.9733719825744629, 0.22646348178386688], [0.8114993572235107, -0.16034427285194397, 0.5619239211082458]], [[0.4012611508369446, -0.0987677052617073, 0.9106231331825256], [0.2265385240316391, 0.9739848375320435, 0.0058170524425804615], [-0.8875076174736023, 0.20395705103874207, 0.41319698095321655]], [[0.8962364792823792, -0.3932000994682312, -0.20531418919563293], [0.40321677923202515, 0.915072500705719, 0.007651612628251314], [0.18486875295639038, -0.08964377641677856, 0.9786662459373474]], [[0.9881755113601685, -0.016564207151532173, 0.1524302363395691], [-0.0036023210268467665, 0.9913650155067444, 0.13108225166797638], [-0.15328525006771088, -0.13008134067058563, 0.9795829653739929]]]]
global_orient: [[[2.9390382766723633, 0.04498237371444702, -0.9286662340164185]]]
globalorient_mat: [[[[0.8182157874107361, 0.04556490480899811, -0.5731028318405151], [0.01003791019320488, -0.9978347420692444, -0.06500241160392761], [-0.5748236179351807, 0.04743324592709541, -0.8169015049934387]]]]
transl: [[0.053107522428035736, 0.25149399042129517, 0.02275061421096325]]
expression: [[-0.6746339201927185, -0.13239705562591553, -0.0020348988473415375, -0.03535616397857666, -0.20244725048542023, -0.4814607501029968, -0.17359881103038788, 0.47883719205856323, 0.10474981367588043, -0.06575728952884674, 0.016280245035886765, 0.35195499658584595, 0.11426103860139847, -0.05949469655752182, 0.25521501898765564, -0.08025124669075012, -0.068266361951828, 0.11425499618053436, -0.14773041009902954, -0.01805555447936058, -0.13480576872825623, 0.04565479978919029, -0.10736766457557678, 0.0479789637029171, -0.002001488348469138, 0.052221015095710754, -0.060490015894174576, 0.06239037215709686, -0.08822203427553177, -0.08411906659603119, -0.028095128014683723, -0.14702603220939636, -0.03307914361357689, -0.0107567198574543, 0.12954877316951752, -0.047758735716342926, 0.21827492117881775, -0.0019446462392807007, 0.037945184856653214, -0.022663820534944534, -0.06427821516990662, 0.03793945908546448, -0.09765847772359848, 0.04205290228128433, 0.04159008711576462, -0.001537758857011795, -0.032356441020965576, 0.02394462749361992, -0.010720090940594673, -0.0016298156697303057]]
jaw_pose: [[[0.042100414633750916, 0.0025849558878690004, 0.011200698092579842]]]
left_hand_pose: [[[0.02572009339928627, 0.08485749363899231, -0.4592532515525818], [0.15343494713306427, -0.06552215665578842, -0.6076090931892395], [-0.12962667644023895, -0.09693662077188492, -0.12260562181472778], [-0.2527110278606415, 0.035077136009931564, -0.8705658316612244], [-0.13533179461956024, 0.0382881760597229, -0.913909912109375], [0.00800138246268034, -0.12943381071090698, -0.45667970180511475], [-0.41072046756744385, -0.45528462529182434, -0.6332671046257019], [-0.6421759128570557, -0.1367952525615692, -0.7184365391731262], [-0.3621504008769989, -0.10021620243787766, -0.5134308338165283], [-0.17546802759170532, -0.2199629545211792, -0.8701555728912354], [-0.44552046060562134, -0.1633063554763794, -0.9757301211357117], [-0.1893007904291153, -0.1759287714958191, -0.5696446895599365], [0.8090913891792297, 0.4018078148365021, -0.026148462668061256], [-0.4838941991329193, 0.055845554918050766, -0.11610449105501175], [0.6355623006820679, 0.0798843652009964, 0.011698545888066292]]]
right_hand_pose: [[[0.1256459504365921, -0.12433739751577377, 0.5103660821914673], [0.1596098095178604, 0.06593835353851318, 0.9172255396842957], [-0.12163148820400238, 0.09975868463516235, 0.2266456037759781], [-0.10917848348617554, -0.13356898725032806, 0.7970687747001648], [-0.20355135202407837, -0.09678936749696732, 0.6883492469787598], [-0.010984452441334724, 0.1032593622803688, 0.3314862847328186], [-0.45647186040878296, 0.2286096215248108, 0.8066359758377075], [-0.2857247591018677, 0.04660476744174957, 0.5110794901847839], [-0.3909386694431305, 0.08352386951446533, 0.09040603041648865], [-0.0795404389500618, 0.05751233175396919, 0.8815067410469055], [-0.3741929829120636, 0.05997851490974426, 0.5969147086143494], [-0.21116024255752563, 0.16636404395103455, 0.3794509768486023], [0.905524730682373, -0.27969294786453247, 0.05346129462122917], [-0.5754415392875671, -0.12217886000871658, 0.043224141001701355], [0.6319459080696106, -0.14266346395015717, 0.292931467294693]]]
scale: [[1.0252416133880615]]
smpl_joints: [[0.056279342621564865, -0.09757138043642044, -0.03472498431801796], [0.11047213524580002, -0.002331039635464549, -0.018414994701743126], [0.013241579756140709, 0.008625313639640808, -0.07891205698251724], [0.07518722116947174, -0.2078159749507904, -0.06457989662885666], [0.1758444756269455, 0.3774741291999817, 0.04691747575998306], [-0.1269722729921341, 0.35180166363716125, -0.0503707155585289], [0.07998117059469223, -0.34488704800605774, -0.05422277748584747], [0.20277541875839233, 0.7790598273277283, -0.04702052101492882], [-0.13973475992679596, 0.7705572247505188, -0.05577430874109268], [0.05349959060549736, -0.39793846011161804, -0.03887393698096275], [0.1714065670967102, 0.8480815887451172, 0.07565858960151672], [-0.2749745547771454, 0.7999191284179688, -0.01969117298722267], [0.043107036501169205, -0.5618748068809509, -0.05582928657531738], [0.0848359689116478, -0.4840589463710785, -0.007882162928581238], [0.013140161521732807, -0.48043307662010193, -0.07087305933237076], [0.042716387659311295, -0.7205793261528015, -0.026670752093195915], [0.19892539083957672, -0.5129778385162354, 0.059440821409225464], [-0.06244109198451042, -0.49528297781944275, -0.16111013293266296], [0.2902401387691498, -0.25660017132759094, 0.03953016549348831], [-0.07296774536371231, -0.225230410695076, -0.237441748380661], [0.23651069402694702, -0.10576388984918594, 0.246637761592865], [-0.08022135496139526, -0.0629553347826004, -0.036851879209280014], [0.16314531862735748, -0.042076803743839264, 0.3394421637058258], [5.400140435085632e-05, 0.00530302245169878, 0.07220739126205444]]
