betas: [[0.020251380279660225, 0.27518317103385925, -0.5482745170593262, -0.510549008846283, -0.9396592974662781, -0.07268264889717102, -0.43654748797416687, 0.10648885369300842, -0.3911455273628235, -0.28974732756614685, -0.6481163501739502, 0.41641369462013245, -0.25035810470581055, -0.4569956064224243, -0.24679061770439148, -0.3992735743522644, 0.26244160532951355, -0.23674122989177704, -0.571531355381012, 0.08732449263334274, 0.17180711030960083, -0.10098014026880264, -0.7950558662414551, 0.052552640438079834, -0.0747159868478775, -0.22554223239421844, 0.3017142117023468, 0.024646839126944542, 0.34822309017181396, 0.016834517940878868, -0.33633098006248474, 0.2385229766368866, -0.060235392302274704, 0.4764256179332733, -0.43213096261024475, 0.5680207014083862, -0.0885569229722023, 0.21207672357559204, -0.1491706222295761, 0.020728038623929024, 1.0034681558609009, -0.11826246976852417, -0.6102960705757141, -0.4394262135028839, -0.30781057476997375, -0.3819093704223633, -0.19053660333156586, -0.35258758068084717, 0.6541983485221863, 0.3006998896598816, -0.19294430315494537, 0.02650868333876133, -0.05975567176938057, -0.2534104287624359, -0.4223777949810028, -0.10018323361873627, -0.21116498112678528, -0.4302208721637726, -0.3037072718143463, 0.40541785955429077, -0.04967144504189491, 0.9591655135154724, -0.1726730614900589, -0.052937284111976624, -0.4310223460197449, 0.15249978005886078, 0.5711725950241089, 0.11081131547689438, 0.5860971212387085, 0.29347702860832214, 0.05621897429227829, -0.2601366639137268, -0.5411467552185059, 0.0817834734916687, 0.4495084881782532, 0.03911738470196724, -0.10923294723033905, -0.08492632210254669, 0.241805762052536, -0.11571153253316879, -0.07361292839050293, -0.05796372517943382, 0.040348853915929794, -0.06586738675832748, -0.25472187995910645, 0.538337230682373, -0.21366241574287415, -0.1450090855360031, 0.02034226804971695, -0.38535061478614807, -0.42390039563179016, -0.8440673351287842, -0.01572028361260891, 0.27330151200294495, 0.0457727313041687, -0.05185912549495697, 0.3186318576335907, 0.36006420850753784, 0.5341200232505798, -0.42389485239982605, 0.45275869965553284, -0.3903058171272278, 0.4857637286186218, -0.14132191240787506, -0.13347487151622772, 0.04869004338979721, 0.29421377182006836, 0.27999234199523926, -0.041983217000961304, -0.18370652198791504, -0.18402573466300964, -0.5732001066207886, -0.03458146005868912, 0.33732885122299194, -0.17126913368701935, -0.03985321894288063, 0.2657788097858429, -0.4152860641479492, -0.36813709139823914, 0.046857792884111404, -0.11322498321533203, -0.005117562133818865, 0.25641772150993347, -0.6021551489830017, -0.052434053272008896, -0.1662309318780899, -0.17476966977119446, 0.3439611792564392, 0.17455090582370758, 0.024713069200515747, 0.23046410083770752, 0.25868743658065796, 0.16306345164775848, -0.08747059851884842, 0.08371325582265854, -0.08980432152748108, 0.22504228353500366, -0.12541575729846954, -0.2629118263721466, 0.03807863965630531, -0.4237825572490692, 0.33794260025024414, 0.06887117773294449, -0.008699717931449413, 0.08219680935144424, -0.49803629517555237, 0.11149512976408005, -0.04458498954772949, -0.4974476397037506, -0.1130741685628891, -0.1463424563407898, -0.027559354901313782, 0.288055419921875, 0.17473112046718597, 0.2324288785457611, -0.46832022070884705, -0.1585429608821869, -0.14833296835422516, 0.11416222900152206, -0.18714070320129395, 0.0666116327047348, 0.024235732853412628, -0.5175892114639282, 0.2577788531780243, -0.15754415094852448, -0.11559730023145676, -0.07698920369148254, -0.10490237921476364, 0.1697937548160553, -0.13328024744987488, 0.5378844738006592, 0.052505068480968475, 0.3695148825645447, -0.07836081087589264, -0.4166753590106964, 0.08345608413219452, 0.13024644553661346, 0.011158011853694916, 0.105071522295475, -0.11690761148929596, -0.43858855962753296, 0.26161009073257446, 0.38858771324157715, -0.354979008436203, -0.42377492785453796, -0.18896688520908356, 0.21036753058433533, 0.07883281260728836, 0.05747048929333687, 0.4376823902130127, -0.2168927937746048, 0.22387728095054626, 0.1311691403388977, -0.26972296833992004, 0.17199134826660156, 0.012096339836716652, 0.3350217938423157, -0.1616755574941635, -0.09002944082021713, -0.11303942650556564]]
body_pose: [[[0.02646430768072605, 0.10528755933046341, 0.0919468104839325], [-0.25997698307037354, -0.15159036219120026, -0.13854838907718658], [0.14832645654678345, -0.03889423608779907, 0.0035398502368479967], [0.22569601237773895, -0.18115468323230743, -0.1075272262096405], [0.30617356300354004, -0.013332579284906387, 0.03293082118034363], [-0.02370917797088623, 0.0008884479757398367, 0.021021541208028793], [-0.1881459504365921, 0.15771719813346863, -0.23079387843608856], [-0.19722819328308105, -0.22586382925510406, -0.05868343263864517], [0.04228596016764641, -0.013252305798232555, 0.02615065686404705], [0.06374675035476685, 0.058702241629362106, 0.28287264704704285], [0.032906584441661835, -0.11330480873584747, -0.0828407034277916], [-0.06817260384559631, 0.08164940774440765, 0.03150118887424469], [0.01867532730102539, 0.03150571882724762, -0.2575913965702057], [0.0412120595574379, -0.10052600502967834, 0.2781080901622772], [0.14988493919372559, 0.062255438417196274, -0.11261560022830963], [0.0575161948800087, -0.12313510477542877, -0.8407769203186035], [0.46849915385246277, 0.27347323298454285, 0.8764528036117554], [-0.09270283579826355, -0.9196770787239075, 0.004403083119541407], [0.025956906378269196, 1.0341838598251343, 0.2521178126335144], [-0.012988876551389694, -0.16431491076946259, 0.32173529267311096], [-0.39987727999687195, 0.34069642424583435, 0.03360744193196297]]]
bodypose_mat: [[[[0.9902466535568237, -0.09024612605571747, 0.10614734888076782], [0.09302780032157898, 0.9954303503036499, -0.021542856469750404], [-0.10371814668178558, 0.03120739385485649, 0.9941169619560242]], [[0.9791045784950256, 0.15555308759212494, -0.13098680973052979], [-0.11650224030017853, 0.957003653049469, 0.2656526267528534], [0.16667792201042175, -0.24484142661094666, 0.9551289677619934]], [[0.9992388486862183, -0.006404857151210308, -0.03847989812493324], [0.0006471161614172161, 0.9890149235725403, -0.14781425893306732], [0.039003923535346985, 0.14767684042453766, 0.9882662892341614]], [[0.9779860973358154, 0.08554606884717941, -0.19032864272594452], [-0.12610821425914764, 0.9689971208572388, -0.21246516704559326], [0.16625231504440308, 0.23179000616073608, 0.9584537744522095]], [[0.9993739128112793, -0.03443679213523865, -0.008120981976389885], [0.03038693778216839, 0.9529608488082886, -0.30156636238098145], [0.018123960122466087, 0.3011307716369629, 0.9534106254577637]], [[0.999778687953949, -0.0210285484790802, 0.0006391182541847229], [0.021007491275668144, 0.9994979500770569, 0.023714544251561165], [-0.001137480023317039, -0.023695867508649826, 0.9997184872627258]], [[0.9612979888916016, 0.21175412833690643, 0.17625638842582703], [-0.24114829301834106, 0.9560855031013489, 0.16657723486423492], [-0.13324275612831116, -0.2026343047618866, 0.9701471924781799]], [[0.9729820489883423, 0.07987520843744278, -0.21662373840808868], [-0.03567398712038994, 0.9789928793907166, 0.20074951648712158], [0.2281079888343811, -0.18759785592556, 0.9553919434547424]], [[0.999570369720459, -0.026419246569275856, -0.012693677097558975], [0.025858985260128975, 0.9987642765045166, -0.042440541088581085], [0.01379923801869154, 0.04209406301379204, 0.9990183711051941]], [[0.9585720300674438, -0.2769067585468292, 0.06680018454790115], [0.28062161803245544, 0.958265483379364, -0.054578643292188644], [-0.04889911040663719, 0.07106313854455948, 0.9962725043296814]], [[0.9901667237281799, 0.08069302886724472, -0.11427336186170578], [-0.08441506326198578, 0.9960340857505798, -0.028107712045311928], [0.11155208945274353, 0.03747771680355072, 0.9930515289306641]], [[0.9961744546890259, -0.03421689197421074, 0.08040937781333923], [0.02865634486079216, 0.9971829652786255, 0.06931757181882858], [-0.08255469799041748, -0.06674814969301224, 0.9943487048149109]], [[0.9665165543556213, 0.2549874484539032, 0.02875969000160694], [-0.25440239906311035, 0.96683669090271, -0.0225002970546484], [-0.033543217927217484, 0.014430375769734383, 0.9993330836296082]], [[0.9565990567207336, -0.2760504186153412, -0.09335077553987503], [0.2719382047653198, 0.9607715010643005, -0.05447746068239212], [0.10472728312015533, 0.026727447286248207, 0.9941417574882507]], [[0.9917477965354919, 0.1165349930524826, 0.05343903973698616], [-0.10723415017127991, 0.9824832081794739, -0.15240605175495148], [-0.07026359438896179, 0.14541789889335632, 0.9868720769882202]], [[0.6602688431739807, 0.7394217252731323, -0.1315317004919052], [-0.746086061000824, 0.6658462882041931, -0.0021004017908126116], [0.08602678775787354, 0.09952079504728317, 0.9913097620010376]], [[0.614541232585907, -0.6707078218460083, 0.4153192639350891], [0.7878804206848145, 0.5483725666999817, -0.28023561835289], [-0.0397934727370739, 0.49943825602531433, 0.8654351234436035]], [[0.6063547134399414, 0.03587595745921135, -0.7943845987319946], [0.04348059371113777, 0.9959914088249207, 0.07816970348358154], [0.7940046787261963, -0.08193887770175934, 0.602364182472229]], [[0.4849960207939148, -0.19490504264831543, 0.8525203466415405], [0.21930693089962006, 0.9708035588264465, 0.09718424826860428], [-0.8465715646743774, 0.1398296356201172, 0.5135799050331116]], [[0.935451090335846, -0.31371787190437317, -0.16282621026039124], [0.31582897901535034, 0.9487209320068359, -0.013438521884381771], [0.15869253873825073, -0.03885415568947792, 0.9865632057189941]], [[0.9427390694618225, -0.09863651543855667, 0.3186124861240387], [-0.0344831719994545, 0.9213265180587769, 0.38725745677948], [-0.33174386620521545, -0.37606948614120483, 0.8651692271232605]]]]
global_orient: [[[2.944286346435547, 0.04709317162632942, -0.8970890045166016]]]
globalorient_mat: [[[[0.8298450708389282, 0.04767448082566261, -0.5559536218643188], [0.010797316208481789, -0.9975287914276123, -0.0694240853190422], [-0.5578895211219788, 0.05160842463374138, -0.8283091187477112]]]]
transl: [[0.05652220919728279, 0.2513570785522461, -0.02722417376935482]]
expression: [[-0.7679235935211182, -0.2669200599193573, 0.08292214572429657, -0.016882069408893585, -0.27147024869918823, -0.5773994326591492, -0.14207158982753754, 0.5126376152038574, 0.16397304832935333, 0.015760309994220734, 0.06593751907348633, 0.5179213881492615, 0.16567757725715637, -0.18722379207611084, 0.3635481595993042, -0.12977835536003113, -0.1903139352798462, 0.1444624811410904, -0.20169994235038757, 0.01253669336438179, -0.11346124112606049, 0.01749660074710846, -0.10510163009166718, 0.027330666780471802, -0.04992229864001274, 0.08469056338071823, -0.05914536863565445, 0.11243628710508347, -0.10826275497674942, -0.09875519573688507, -0.041493311524391174, -0.12329749763011932, -0.021053802222013474, -0.00977785512804985, 0.1461438536643982, -0.08885680139064789, 0.20870301127433777, -0.02213291823863983, 0.04390029236674309, 0.0076913125813007355, -0.04155807942152023, 0.028766360133886337, -0.0774705708026886, 0.07380639761686325, 0.022672608494758606, -0.005931135267019272, -0.05881541222333908, 0.056697916239500046, -0.030358867719769478, 0.006470411084592342]]
jaw_pose: [[[0.05491923913359642, 0.0022638668306171894, 0.006582263391464949]]]
left_hand_pose: [[[0.05746309831738472, 0.06433586031198502, -0.4115770757198334], [0.14034712314605713, -0.06512075662612915, -0.40287959575653076], [-0.17941758036613464, -0.0534190833568573, -0.1597171574831009], [-0.1927933543920517, 0.02099047787487507, -0.7182148098945618], [-0.1019691452383995, -0.0007049095584079623, -0.8036608099937439], [0.05957285314798355, -0.11094167083501816, -0.4176409840583801], [-0.3946997821331024, -0.49130725860595703, -0.5544236898422241], [-0.5083473920822144, -0.12774929404258728, -0.6320677995681763], [-0.2968238592147827, -0.06753909587860107, -0.5312904119491577], [-0.15987631678581238, -0.21486656367778778, -0.744013786315918], [-0.37832507491111755, -0.17100216448307037, -0.8928911685943604], [-0.14251665771007538, -0.14506562054157257, -0.5170267820358276], [0.8268415331840515, 0.4924492835998535, -0.04665207117795944], [-0.4748699963092804, 0.023469090461730957, -0.09878621250391006], [0.6698675751686096, 0.04069279879331589, 0.18906265497207642]]]
right_hand_pose: [[[0.09826193749904633, -0.35395562648773193, 0.7771913409233093], [0.2995665669441223, 0.11265961080789566, 1.0700753927230835], [-0.21311055123806, 0.19987404346466064, 0.23721183836460114], [-0.10987827926874161, -0.2390957474708557, 1.107738733291626], [-0.24061574041843414, -0.09836932271718979, 0.6652527451515198], [-0.0033010574989020824, 0.13037584722042084, 0.3916725516319275], [-0.3983376920223236, 0.32499727606773376, 0.9466582536697388], [-0.4890076518058777, 0.02322254702448845, 0.49658018350601196], [-0.3277939260005951, 0.0980655625462532, 0.1969238519668579], [-0.02396939881145954, 0.03808881714940071, 1.1067982912063599], [-0.46453920006752014, 0.08215955644845963, 0.6279634237289429], [-0.24881334602832794, 0.2270272970199585, 0.49129554629325867], [0.8764744997024536, -0.2442263513803482, 0.006303105968981981], [-0.4657573699951172, -0.2977508306503296, 0.23270615935325623], [0.8627803325653076, -0.44400912523269653, 0.4899020195007324]]]
scale: [[1.013342261314392]]
smpl_joints: [[0.05923910439014435, -0.09845583140850067, 0.014549577608704567], [0.11290032416582108, -0.0036891053896397352, 0.03016156144440174], [0.015202365815639496, 0.007184885907918215, -0.02783859893679619], [0.07799895107746124, -0.20805701613426208, -0.016068220138549805], [0.1836201250553131, 0.3762763738632202, 0.07967058569192886], [-0.12350321561098099, 0.35034337639808655, -0.009615185670554638], [0.08545434474945068, -0.34421205520629883, -0.00874647218734026], [0.20046226680278778, 0.7695994973182678, -0.03680301830172539], [-0.13586018979549408, 0.7661061882972717, -0.026157647371292114], [0.06000610440969467, -0.39748242497444153, 0.006348664406687021], [0.17198897898197174, 0.842390775680542, 0.08344896137714386], [-0.27146103978157043, 0.7894326448440552, 0.009773931466042995], [0.050922177731990814, -0.5608006119728088, -0.012418903410434723], [0.09231017529964447, -0.48333901166915894, 0.03588361293077469], [0.020233597606420517, -0.4796133041381836, -0.026179520413279533], [0.04939989000558853, -0.7187114357948303, 0.01495292130857706], [0.20760725438594818, -0.5131651759147644, 0.10093317925930023], [-0.05947054550051689, -0.49888134002685547, -0.11210959404706955], [0.2948305010795593, -0.25666970014572144, 0.09361770749092102], [-0.06869851797819138, -0.2403828650712967, -0.2166309654712677], [0.24277807772159576, -0.11622831970453262, 0.3066202700138092], [-0.07812033593654633, -0.04282921180129051, -0.05299577862024307], [0.16673161089420319, -0.032428618520498276, 0.40376269817352295], [-0.006039786618202925, -0.010489349253475666, 0.05246816948056221]]
