betas: [[0.058755289763212204, 0.320456862449646, -0.574712336063385, -0.48364585638046265, -0.9841451048851013, -0.027635302394628525, -0.516521692276001, 0.038766052573919296, -0.4195402264595032, -0.1324916034936905, -0.6743221282958984, 0.4149538576602936, -0.3072197139263153, -0.4825080335140228, -0.29684582352638245, -0.4221983850002289, 0.2929636538028717, -0.19059933722019196, -0.6194456219673157, 0.06859679520130157, 0.19765065610408783, -0.06907305866479874, -0.722872793674469, 0.0015625711530447006, 0.0026308861561119556, -0.28741326928138733, 0.3491280972957611, -0.08523435890674591, 0.34810400009155273, 0.11010537296533585, -0.4538832902908325, 0.310346782207489, -0.045634154230356216, 0.5093518495559692, -0.43314921855926514, 0.7012618780136108, -0.21737606823444366, 0.01691742241382599, -0.22627179324626923, 0.03185080364346504, 0.8772745132446289, -0.26592063903808594, -0.6732648015022278, -0.42717623710632324, -0.2168249487876892, -0.38232922554016113, -0.3353171646595001, -0.3980936110019684, 0.729073166847229, 0.3527669906616211, -0.22451578080654144, 0.1599452942609787, 0.03321289271116257, -0.1549665480852127, -0.447457492351532, -0.16986602544784546, -0.34314051270484924, -0.446292906999588, -0.35988613963127136, 0.5229763388633728, 0.07460039108991623, 1.0112364292144775, -0.12603507936000824, -0.07788104563951492, -0.5615633726119995, 0.27785566449165344, 0.6281211376190186, 0.21361342072486877, 0.5584350824356079, 0.2595449686050415, 0.034144870936870575, -0.3586273491382599, -0.523685872554779, 0.02951301820576191, 0.38694652915000916, 0.0202053003013134, -0.1451193392276764, -0.11508259177207947, 0.25368645787239075, -0.1470864713191986, -0.0696176216006279, -0.06808090955018997, 0.16708172857761383, 0.06495755165815353, -0.34269484877586365, 0.5184357166290283, -0.29561126232147217, -0.20862708985805511, 0.048786140978336334, -0.4128609597682953, -0.47841739654541016, -0.8900516629219055, -0.050454091280698776, 0.3878248929977417, 0.06118225306272507, -0.0664094015955925, 0.4145303964614868, 0.4077061414718628, 0.44596725702285767, -0.3803027272224426, 0.471230149269104, -0.4998522102832794, 0.6759769320487976, -0.2345816195011139, -0.2317514270544052, 0.02083318866789341, 0.2769360840320587, 0.24707087874412537, -0.10554912686347961, -0.23784932494163513, -0.1990511417388916, -0.6654630899429321, -0.11452299356460571, 0.41034725308418274, -0.24670392274856567, -0.10163841396570206, 0.3446159362792969, -0.4631786048412323, -0.4994927942752838, 0.10040917247533798, -0.06622996926307678, 0.025619355961680412, 0.35740789771080017, -0.6577726006507874, -0.012904204428195953, -0.2061082273721695, -0.09074468910694122, 0.41017118096351624, 0.3032113015651703, 0.1493057757616043, 0.10283034294843674, 0.3605375587940216, 0.16909119486808777, -0.23102837800979614, 0.16929012537002563, -0.22111575305461884, 0.25630414485931396, -0.1665768176317215, -0.3476557433605194, 0.04225887730717659, -0.4883618652820587, 0.31200751662254333, 0.1826787143945694, -0.06530620902776718, 0.18890897929668427, -0.5333653092384338, 0.14377044141292572, -0.04958076775074005, -0.5090130567550659, -0.14779002964496613, -0.11630933731794357, -0.04779956117272377, 0.29706117510795593, 0.16781657934188843, 0.194049671292305, -0.41727080941200256, -0.23644785583019257, -0.16754303872585297, 0.14293460547924042, -0.26122236251831055, 0.19772794842720032, 0.035511065274477005, -0.29287147521972656, 0.24729695916175842, -0.06654731929302216, -0.12156684696674347, -0.061211876571178436, -0.13068009912967682, 0.09911904484033585, -0.16179271042346954, 0.5004172921180725, 0.10262481123209, 0.38223740458488464, -0.03529553487896919, -0.5148892402648926, 0.0724063366651535, 0.12213709205389023, 0.09051547944545746, -0.007097558584064245, -0.21722698211669922, -0.5302847623825073, 0.2443644255399704, 0.36993148922920227, -0.39306002855300903, -0.5184950232505798, -0.18416234850883484, 0.2558528482913971, 0.11795129626989365, 0.12517736852169037, 0.5076884627342224, -0.1705094277858734, 0.3917786777019501, 0.20687803626060486, -0.3003876507282257, 0.22183245420455933, -0.041939664632081985, 0.3332062065601349, -0.2063259482383728, -0.16515327990055084, -0.026177052408456802]]
body_pose: [[[0.030526302754878998, 0.07054223120212555, 0.0921781063079834], [-0.2468031495809555, -0.14449317753314972, -0.1384119689464569], [0.13181103765964508, -0.02875031903386116, 9.879541175905615e-05], [0.16042207181453705, -0.25254833698272705, -0.08180513978004456], [0.2639348804950714, -0.01494147814810276, 0.045999471098184586], [-0.008519547060132027, 0.02212536893785, 0.016492029651999474], [-0.14661690592765808, 0.15042300522327423, -0.21886569261550903], [-0.1866024136543274, -0.20981889963150024, 0.005813914351165295], [0.03203593194484711, -0.0014902548864483833, 0.02269524522125721], [0.0868425965309143, 0.10977236926555634, 0.44855326414108276], [-0.04817342013120651, -0.14152520895004272, -0.18940401077270508], [-0.06752965599298477, 0.06690210849046707, 0.0401698462665081], [0.02264557220041752, 0.020584000274538994, -0.2554091811180115], [0.04676303640007973, -0.06920478492975235, 0.3067047595977783], [0.143550306558609, 0.08861500769853592, -0.10226404666900635], [0.08520792424678802, -0.1062934622168541, -0.8649888038635254], [0.4199458956718445, 0.2167787253856659, 0.9424996376037598], [-0.0922597199678421, -0.9298511743545532, -0.021016692742705345], [0.14294525980949402, 1.1053985357284546, 0.16727039217948914], [-0.10985799133777618, -0.21315208077430725, 0.4117065668106079], [-0.1434774398803711, 0.30120542645454407, -0.1468248814344406]]]
bodypose_mat: [[[[0.99327152967453, -0.09088156372308731, 0.07177823036909103], [0.0930323675274849, 0.9952912926673889, -0.02720574289560318], [-0.06896775215864182, 0.03370039165019989, 0.9970494508743286]], [[0.9801496863365173, 0.1537761688232422, -0.1251373291015625], [-0.1184137761592865, 0.960300862789154, 0.2525876462459564], [0.15901143848896027, -0.23275573551654816, 0.9594478011131287]], [[0.9995872974395752, -0.001990427728742361, -0.02865668013691902], [-0.001793435774743557, 0.9913260340690613, -0.13141295313835144], [0.028669685125350952, 0.1314101219177246, 0.9909133315086365]], [[0.9650452733039856, 0.060404445976018906, -0.2550274431705475], [-0.10059498995542526, 0.9839158654212952, -0.14761477708816528], [0.2420089989900589, 0.16810941696166992, 0.9555997252464294]], [[0.9988374710083008, -0.04740943759679794, -0.008728726767003536], [0.0434894822537899, 0.9643260836601257, -0.26112061738967896], [0.020796922966837883, 0.26043739914894104, 0.9652668237686157]], [[0.9996192455291748, -0.01658398099243641, 0.02205204777419567], [0.01639549247920513, 0.9998278021812439, 0.008700796402990818], [-0.022192541509866714, -0.008335929363965988, 0.9997190237045288]], [[0.9650049805641174, 0.20458123087882996, 0.16404849290847778], [-0.22646719217300415, 0.9655659198760986, 0.12804310023784637], [-0.13220441341400146, -0.16071383655071259, 0.9781068563461304]], [[0.9781155586242676, 0.013710226863622665, -0.20761026442050934], [0.02518579177558422, 0.9826871156692505, 0.18355296552181244], [0.20653247833251953, -0.1847648322582245, 0.9608362317085266]], [[0.9997413754463196, -0.022713271901011467, -0.0011263865744695067], [0.022665537893772125, 0.999229371547699, -0.03204459697008133], [0.001853356370702386, 0.03201077878475189, 0.9994857311248779]], [[0.8953223824501038, -0.42754897475242615, 0.12489829212427139], [0.4369077980518341, 0.8975353837013245, -0.05951227247714996], [-0.08665623515844345, 0.10785172134637833, 0.9903830289840698]], [[0.9721837043762207, 0.1909637153148651, -0.13561579585075378], [-0.18417897820472717, 0.9809951186180115, 0.06104511395096779], [0.14469586312770844, -0.034369487315416336, 0.9888789653778076]], [[0.9969578981399536, -0.04235551506280899, 0.06542829424142838], [0.03784164413809776, 0.9969158172607422, 0.06875237822532654], [-0.06813853979110718, -0.06606732308864594, 0.9954859018325806]], [[0.9673519134521484, 0.2528335452079773, 0.017481710761785507], [-0.2523699402809143, 0.9673075079917908, -0.025010863319039345], [-0.023233775049448013, 0.019782444462180138, 0.9995343685150146]], [[0.9509862661361694, -0.30317017436027527, -0.0609341561794281], [0.2999610900878906, 0.9522765278816223, -0.056503139436244965], [0.07515624165534973, 0.03545583039522171, 0.9965411424636841]], [[0.9908743500709534, 0.10794178396463394, 0.08072510361671448], [-0.09526227414608002, 0.9845179915428162, -0.14713740348815918], [-0.09535758942365646, 0.1381046324968338, 0.9858164191246033]], [[0.6439013481140137, 0.7543632388114929, -0.12777774035930634], [-0.7628561854362488, 0.6457945108413696, -0.031620826572179794], [0.058664578944444656, 0.11783673614263535, 0.9912986159324646]], [[0.5740989446640015, -0.7358762621879578, 0.3590216338634491], [0.8187847137451172, 0.5151923298835754, -0.2533150017261505], [0.0014433093601837754, 0.43938925862312317, 0.8982955813407898]], [[0.5980522036552429, 0.05794849246740341, -0.7993593811988831], [0.021773191168904305, 0.9958397746086121, 0.08848199248313904], [0.8011612892150879, -0.0703214555978775, 0.5943024754524231]], [[0.4384750425815582, -0.06305006146430969, 0.8965290188789368], [0.20502689480781555, 0.9782500863075256, -0.031477462500333786], [-0.8750448822975159, 0.1976146548986435, 0.4418652057647705]], [[0.8945496082305908, -0.3848174512386322, -0.22736875712871552], [0.4077942669391632, 0.9109188914299011, 0.0626942589879036], [0.18298865854740143, -0.14880280196666718, 0.9717884659767151]], [[0.9444777369499207, 0.12222513556480408, 0.30499643087387085], [-0.1649649441242218, 0.9791606068611145, 0.11845275014638901], [-0.28416261076927185, -0.16218970715999603, 0.9449582695960999]]]]
global_orient: [[[2.9507434368133545, 0.03971574082970619, -0.9033475518226624]]]
globalorient_mat: [[[[0.8284452557563782, 0.040801115334033966, -0.5585818886756897], [0.008377742022275925, -0.9981341361999512, -0.06048259139060974], [-0.5600073337554932, 0.0454268641769886, -0.8272413015365601]]]]
transl: [[0.05538271367549896, 0.24406184256076813, 0.01960490643978119]]
expression: [[-0.859326958656311, -0.25776028633117676, 0.030005905777215958, -0.06857455521821976, -0.27077165246009827, -0.5969792008399963, -0.14072208106517792, 0.548616349697113, 0.16758300364017487, -0.06504811346530914, 0.11321772634983063, 0.46975505352020264, 0.16548514366149902, -0.18171948194503784, 0.36019694805145264, -0.10366788506507874, -0.12077714502811432, 0.15404777228832245, -0.18403619527816772, -0.024922199547290802, -0.11550013720989227, 0.03556445613503456, -0.11986877024173737, 0.025736011564731598, -0.035569678992033005, 0.07132080942392349, -0.062420859932899475, 0.0952303558588028, -0.08204136043787003, -0.09146186709403992, -0.04946091026067734, -0.13976401090621948, -0.029039252549409866, 0.0007428117096424103, 0.14642702043056488, -0.07929283380508423, 0.20871052145957947, -0.007909022271633148, 0.027436047792434692, -0.029806088656187057, -0.04950139671564102, 0.03807554021477699, -0.0836491733789444, 0.05754614993929863, 0.025276921689510345, -0.012979991734027863, -0.045667536556720734, 0.053069401532411575, -0.014670388773083687, 0.0061008138582110405]]
jaw_pose: [[[0.050508711487054825, 0.002503389958292246, 0.003121668007224798]]]
left_hand_pose: [[[0.04382649064064026, 0.05285925045609474, -0.5110556483268738], [0.17574724555015564, -0.06238554045557976, -0.5903657078742981], [-0.17028358578681946, -0.09550085663795471, -0.07259377092123032], [-0.25884249806404114, 0.016071094200015068, -0.8909674286842346], [-0.1337413191795349, 0.04047508165240288, -0.903511106967926], [0.022313246503472328, -0.12328249961137772, -0.44774705171585083], [-0.4755953550338745, -0.4704311192035675, -0.6591416001319885], [-0.5993881821632385, -0.14673970639705658, -0.709524929523468], [-0.3555285632610321, -0.10036640614271164, -0.51450514793396], [-0.19987685978412628, -0.24914169311523438, -0.8969048857688904], [-0.4406577944755554, -0.1643872857093811, -0.9852505326271057], [-0.1819016933441162, -0.17983517050743103, -0.5818058848381042], [0.8984668254852295, 0.4321092963218689, -0.06547873467206955], [-0.48875585198402405, 0.029440701007843018, -0.07526550441980362], [0.6338005065917969, 0.038621142506599426, -0.016552986577153206]]]
right_hand_pose: [[[0.10269145667552948, -0.2496940642595291, 0.3343278169631958], [0.11961409449577332, 0.07673599570989609, 0.5202459692955017], [-0.062046170234680176, 0.041619036346673965, 0.05497341230511665], [0.044191572815179825, -0.10120058059692383, 0.5365157127380371], [-0.20516695082187653, -0.09186434745788574, 0.273937463760376], [0.0005059442482888699, 0.05727986618876457, 0.08671226352453232], [-0.11164582520723343, 0.2744428515434265, 0.49755045771598816], [-0.15901626646518707, -0.052749425172805786, 0.24419090151786804], [-0.18009208142757416, 0.10596298426389694, -0.1312941312789917], [0.07291943579912186, 0.040770117193460464, 0.5732309222221375], [-0.24750076234340668, -0.028502488508820534, 0.18791012465953827], [-0.1269453465938568, 0.1870376169681549, 0.1264999359846115], [0.6510316133499146, -0.1614951342344284, -0.052137792110443115], [-0.5242821574211121, -0.18213388323783875, 0.135086327791214], [0.5346366763114929, -0.15281453728675842, 0.18920285999774933]]]
scale: [[1.007106065750122]]
smpl_joints: [[0.058496661484241486, -0.1067405715584755, -0.03199261426925659], [0.11251568049192429, -0.012704622931778431, -0.01649913750588894], [0.015141842886805534, -0.0015373372007161379, -0.07465984672307968], [0.07658641040325165, -0.21608157455921173, -0.06195450946688652], [0.18522624671459198, 0.3652990162372589, 0.032217755913734436], [-0.11814659088850021, 0.34229323267936707, -0.06187991425395012], [0.08499766141176224, -0.3514593541622162, -0.05557570233941078], [0.21083608269691467, 0.7638195157051086, -0.06003018841147423], [-0.13288185000419617, 0.757533609867096, -0.06913406401872635], [0.060048945248126984, -0.4045723080635071, -0.039429377764463425], [0.16944937407970428, 0.834193229675293, 0.05762314423918724], [-0.26592376828193665, 0.7844727039337158, -0.027490723878145218], [0.051347579807043076, -0.567167341709137, -0.05751139298081398], [0.09402086585760117, -0.4897323250770569, -0.011239564046263695], [0.01967293955385685, -0.4866048991680145, -0.07014866918325424], [0.050601858645677567, -0.7241125702857971, -0.030458668246865273], [0.21081537008285522, -0.5186486840248108, 0.05022062361240387], [-0.06578879803419113, -0.5027891397476196, -0.15037104487419128], [0.2961188554763794, -0.2633998394012451, 0.029304776340723038], [-0.057698968797922134, -0.24230578541755676, -0.24671359360218048], [0.24373966455459595, -0.11328046023845673, 0.23496977984905243], [-0.06345739960670471, -0.05933815985918045, -0.06744084507226944], [0.1701355278491974, -0.04978659376502037, 0.3249848186969757], [-0.03238904848694801, 0.038371600210666656, 0.08061959594488144]]
