betas: [[-0.013318713754415512, 0.3936429023742676, -0.6046555042266846, -0.4775126874446869, -0.8903898596763611, -0.12158049643039703, -0.4892893433570862, -0.03719894587993622, -0.4544622302055359, -0.1498788595199585, -0.7314854860305786, 0.3935355246067047, -0.3178275525569916, -0.4560019075870514, -0.2797892689704895, -0.31189030408859253, 0.2657838761806488, -0.2641502916812897, -0.5259576439857483, 0.16901834309101105, 0.20145662128925323, -0.045381784439086914, -0.6056128144264221, 0.029540037736296654, -0.06913846731185913, -0.1556488573551178, 0.2167120724916458, -0.06349457055330276, 0.3120097815990448, -0.07215861976146698, -0.25158965587615967, 0.25621047616004944, -0.016826992854475975, 0.46583127975463867, -0.46088165044784546, 0.5481635928153992, -0.005133145023137331, 0.1620418280363083, -0.11927533894777298, -0.04396304860711098, 0.7909685969352722, -0.2573779821395874, -0.5211328864097595, -0.3209887146949768, -0.3512813448905945, -0.3604436218738556, -0.20093205571174622, -0.37356704473495483, 0.5717431306838989, 0.25053417682647705, -0.16160257160663605, 0.13070379197597504, 0.04199662059545517, -0.16143864393234253, -0.342390239238739, -0.20720277726650238, -0.2324516624212265, -0.03408660739660263, -0.22939203679561615, 0.3398943841457367, 0.2401532083749771, 0.9415988922119141, -0.3471619188785553, -0.05727425217628479, -0.2985181212425232, 0.12626658380031586, 0.576716959476471, 0.14675748348236084, 0.5109091401100159, 0.36946067214012146, 0.1306760162115097, -0.2718883454799652, -0.5262817740440369, -0.11425105482339859, 0.4172358512878418, 0.09549589455127716, -0.10736676305532455, 0.027392584830522537, 0.23277640342712402, -0.1021072193980217, -0.06660917401313782, -0.035643354058265686, -0.012607083655893803, 0.19154076278209686, -0.4258999228477478, 0.47480595111846924, -0.06915555894374847, -0.14140668511390686, -0.03148948401212692, -0.46956413984298706, -0.4576279819011688, -0.7960562109947205, 0.013481435365974903, 0.1632203757762909, 0.01181739941239357, 0.024471644312143326, 0.3996741473674774, 0.336061954498291, 0.4276559054851532, -0.13761550188064575, 0.24852120876312256, -0.37099626660346985, 0.40572693943977356, -0.06470856815576553, -0.1525125950574875, -0.030110221356153488, 0.2622167766094208, 0.3251129686832428, -0.06720025837421417, -0.27814367413520813, -0.1491672247648239, -0.5679166316986084, 0.006801933981478214, 0.35976630449295044, -0.08747366815805435, 0.05462510511279106, 0.30970174074172974, -0.21017497777938843, -0.33190834522247314, -0.11170411854982376, -0.14442147314548492, 0.13623091578483582, 0.20186661183834076, -0.524011492729187, -0.03312166407704353, -0.11926185339689255, 0.0040321629494428635, 0.17272131145000458, 0.1554955691099167, 0.2760692536830902, -0.028003806248307228, 0.16063348948955536, 0.16471678018569946, -0.19787010550498962, 0.036199092864990234, -0.11963506042957306, 0.23990324139595032, 0.06954123079776764, -0.2851064205169678, -0.13939347863197327, -0.47177860140800476, 0.405012309551239, 0.15338721871376038, -0.020993314683437347, 0.15619315207004547, -0.15932363271713257, 0.1388874053955078, -0.19652797281742096, -0.23514361679553986, 0.03252328559756279, -0.28913450241088867, -0.012305242009460926, 0.2682848572731018, 0.1521872878074646, 0.13043212890625, -0.28820884227752686, -0.1729385107755661, -0.22811955213546753, 0.18270514905452728, -0.1792018562555313, -0.009913095273077488, 0.09195201843976974, -0.456905335187912, 0.08018454164266586, 0.11482518166303635, -0.2177736759185791, -0.13902783393859863, -0.10768870264291763, 0.011088392697274685, -0.1285487860441208, 0.24884559214115143, 0.10986346751451492, 0.2601591646671295, 0.08258279412984848, -0.27363651990890503, -0.05913199111819267, 0.06096634268760681, 0.07288924604654312, 0.31787002086639404, -0.2555965185165405, -0.4082011580467224, 0.03657633066177368, 0.425413578748703, -0.367991179227829, -0.417111873626709, -0.31290027499198914, 0.32263338565826416, 0.12242523580789566, -0.085639089345932, 0.49418970942497253, -0.3020583689212799, 0.42975419759750366, 0.13839125633239746, -0.11708592623472214, 0.004634891636669636, 0.1235135868191719, 0.451699823141098, -0.15371283888816833, -0.045451950281858444, -0.18817216157913208]]
body_pose: [[[-0.017238790169358253, 0.06639253348112106, 0.10273199528455734], [-0.27731072902679443, -0.12403161078691483, -0.11645235121250153], [0.1688472032546997, -0.04449101909995079, 0.014047126285731792], [0.25273022055625916, -0.1490476280450821, -0.08048298954963684], [0.30408477783203125, -0.002710216911509633, 0.026979835703969002], [-0.044598303735256195, -0.005082418210804462, 0.022096896544098854], [-0.14118348062038422, 0.16912013292312622, -0.205144464969635], [-0.21771903336048126, -0.28821972012519836, 0.06418827176094055], [0.05178580433130264, -0.018061146140098572, 0.025912320241332054], [-0.0062238373793661594, 0.019363628700375557, 0.09475061297416687], [0.01245856937021017, -0.10638730227947235, 0.01898091845214367], [-0.0827551782131195, 0.18139620125293732, 0.0211343914270401], [0.048370447009801865, 0.03503311425447464, -0.2623181939125061], [0.03714057058095932, -0.10614555329084396, 0.28401485085487366], [0.06337477266788483, 0.15124188363552094, -0.07046310603618622], [0.003136730520054698, -0.09547445178031921, -0.8622340559959412], [0.48202091455459595, 0.3094111680984497, 0.8670267462730408], [-0.29960355162620544, -0.9348137378692627, -0.07150265574455261], [0.12359239906072617, 1.0578887462615967, 0.1885116845369339], [-0.0367993526160717, -0.21149705350399017, 0.3089759945869446], [-0.2606622278690338, 0.18362180888652802, 0.09018602222204208]]]
bodypose_mat: [[[[0.99252849817276, -0.10304247587919235, 0.06533945351839066], [0.10189938545227051, 0.994581401348114, 0.02060096524655819], [-0.06710817664861679, -0.013788998126983643, 0.9976503252983093]], [[0.9856547117233276, 0.13145533204078674, -0.10585028678178787], [-0.09736236184835434, 0.9551663398742676, 0.27960288524627686], [0.13785992562770844, -0.26528605818748474, 0.9542630314826965]], [[0.998914361000061, -0.017721889540553093, -0.04308094456791878], [0.010228895582258701, 0.9856833815574646, -0.1682966649532318], [0.04544670134782791, 0.1676732897758484, 0.984794557094574]], [[0.9857639670372009, 0.060557492077350616, -0.15685085952281952], [-0.09793666750192642, 0.9650954604148865, -0.24289745092391968], [0.13666678965091705, 0.2548010051250458, 0.9572871327400208]], [[0.9996352195739746, -0.026971569284796715, 0.001402003807015717], [0.0261538065969944, 0.9537630677223206, -0.29941943287849426], [0.006738629657775164, 0.2993468642234802, 0.9541205763816833]], [[0.9997430443763733, -0.021974369883537292, -0.005572937894612551], [0.022200990468263626, 0.9987616539001465, 0.044523559510707855], [0.0045876591466367245, -0.0446358397603035, 0.9989928603172302]], [[0.9649231433868408, 0.19021153450012207, 0.18094989657402039], [-0.21390874683856964, 0.9692249298095703, 0.12184438109397888], [-0.1522049456834793, -0.15627723932266235, 0.9759154915809631]], [[0.9568913578987122, -0.03173293173313141, -0.2887072265148163], [0.0937831848859787, 0.9745268225669861, 0.20372101664543152], [0.2748882472515106, -0.22201478481292725, 0.9354923367500305]], [[0.9995012879371643, -0.02636394277215004, -0.017379332333803177], [0.02542891912162304, 0.9983238577842712, -0.05198797956109047], [0.01872081123292446, 0.05152012035250664, 0.998496413230896]], [[0.9953272938728333, -0.09466259181499481, 0.01903870888054371], [0.09454216063022614, 0.9954953193664551, 0.0071307397447526455], [-0.01962796039879322, -0.005297459661960602, 0.999793291091919]], [[0.9941664934158325, -0.019605567678809166, -0.1060594767332077], [0.018281439319252968, 0.9997425079345703, -0.01344268023967743], [0.10629571974277496, 0.011425342410802841, 0.9942688941955566]], [[0.983380138874054, -0.028473705053329468, 0.17931173741817474], [0.013512451201677322, 0.9963646531105042, 0.08411227911710739], [-0.18105487525463104, -0.08029140532016754, 0.9801899790763855]], [[0.965191662311554, 0.26000750064849854, 0.028305990621447563], [-0.25832313299179077, 0.9646388292312622, -0.05235633626580238], [-0.04091809317469597, 0.04322180524468422, 0.9982272982597351]], [[0.9543907046318054, -0.2815743386745453, -0.09926912933588028], [0.27766260504722595, 0.9592961072921753, -0.05152226611971855], [0.10973583161830902, 0.021609045565128326, 0.9937259554862976]], [[0.9861173629760742, 0.07486934214830399, 0.14821329712867737], [-0.06530983746051788, 0.9955211877822876, -0.06835319101810455], [-0.15266704559326172, 0.0577244758605957, 0.9865904450416565]], [[0.6467326879501343, 0.7579418420791626, -0.08521141111850739], [-0.7582229971885681, 0.6510069966316223, 0.03588535264134407], [0.08267223834991455, 0.04140102490782738, 0.995716392993927]], [[0.6130481362342834, -0.6511018872261047, 0.4474799931049347], [0.7872978448867798, 0.5506730675697327, -0.27734696865081787], [-0.06583403050899506, 0.5223270654678345, 0.8502001762390137]], [[0.59485924243927, 0.18959493935108185, -0.7811505198478699], [0.06858611106872559, 0.9562705755233765, 0.2843281924724579], [0.8008984923362732, -0.22271135449409485, 0.5558428168296814]], [[0.4768044650554657, -0.09460171312093735, 0.8739038705825806], [0.21308843791484833, 0.9769765138626099, -0.010502149350941181], [-0.8527899384498596, 0.1912262737751007, 0.48598530888557434]], [[0.9307243824005127, -0.2978922724723816, -0.21216095983982086], [0.3055838942527771, 0.9521581530570984, 0.0036471558269113302], [0.2009243369102478, -0.06822746247053146, 0.9772278666496277]], [[0.979265570640564, -0.112258180975914, 0.16863317787647247], [0.06483125686645508, 0.9623076319694519, 0.26412299275398254], [-0.1919269561767578, -0.2477138340473175, 0.9496325850486755]]]]
global_orient: [[[2.9419968128204346, 0.050806015729904175, -0.9394927024841309]]]
globalorient_mat: [[[[0.8145581483840942, 0.04736757278442383, -0.5781447291374207], [0.015256308950483799, -0.9980651140213013, -0.06027689948678017], [-0.5798812508583069, 0.040278684347867966, -0.8137047290802002]]]]
transl: [[0.06298483163118362, 0.2543412744998932, 0.05623427778482437]]
expression: [[-0.7607508301734924, -0.15171626210212708, 0.0073393844068050385, -0.08634703606367111, -0.27718403935432434, -0.5495516657829285, -0.16762036085128784, 0.509131908416748, 0.1472550332546234, -0.09176551550626755, 0.08433283865451813, 0.41086864471435547, 0.18231824040412903, -0.13145196437835693, 0.34404855966567993, -0.08552561700344086, -0.1114928275346756, 0.1645999401807785, -0.1722274124622345, -0.01929166540503502, -0.1357652097940445, 0.029129106551408768, -0.12268158793449402, 0.02330154925584793, -0.024359209463000298, 0.06208804249763489, -0.0423230342566967, 0.0798407718539238, -0.08115854114294052, -0.0833735316991806, -0.024380715563893318, -0.1478070765733719, -0.0224127396941185, 0.0021467842161655426, 0.15148262679576874, -0.06354634463787079, 0.24466857314109802, 0.010648630559444427, 0.029180100187659264, -0.009626176208257675, -0.0808103159070015, 0.055512603372335434, -0.08047457039356232, 0.03743050992488861, 0.038281649351119995, -0.010959215462207794, -0.02822107821702957, 0.02430884912610054, -0.01197606511414051, 0.01509388629347086]]
jaw_pose: [[[0.044681619852781296, 0.002756912261247635, 0.010629900731146336]]]
left_hand_pose: [[[0.03945344313979149, 0.06203026697039604, -0.3949010968208313], [0.13686440885066986, -0.06075390800833702, -0.5972781777381897], [-0.1223035454750061, -0.09248771518468857, -0.19150269031524658], [-0.25250160694122314, 0.03437567129731178, -0.8149576783180237], [-0.13386788964271545, 0.025290945544838905, -0.9826884269714355], [0.013557922095060349, -0.13012342154979706, -0.5148776173591614], [-0.4955008327960968, -0.4686281681060791, -0.6795822381973267], [-0.6582216024398804, -0.1696697473526001, -0.7773950695991516], [-0.3884119689464569, -0.09837719798088074, -0.5668182969093323], [-0.21828171610832214, -0.23600110411643982, -0.8757699131965637], [-0.45829954743385315, -0.17408756911754608, -1.0776233673095703], [-0.18990327417850494, -0.1905609667301178, -0.6235255599021912], [0.8113481998443604, 0.4086087644100189, -0.024771224707365036], [-0.48359209299087524, 0.04715615510940552, -0.1096087396144867], [0.6583889722824097, 0.11006969958543777, 0.024170134216547012]]]
right_hand_pose: [[[0.09043235331773758, -0.16761311888694763, 0.6611754298210144], [0.19974718987941742, 0.07384499907493591, 1.0312389135360718], [-0.13305337727069855, 0.15455539524555206, 0.28354203701019287], [-0.16310575604438782, -0.17863847315311432, 0.9941684007644653], [-0.19677947461605072, -0.08526819944381714, 0.7154650688171387], [-0.015596743673086166, 0.11583961546421051, 0.41391363739967346], [-0.5359063148498535, 0.27999457716941833, 0.9797218441963196], [-0.3078847825527191, 0.05267322063446045, 0.53758704662323], [-0.4137117862701416, 0.06659044325351715, 0.1217636987566948], [-0.09407304227352142, 0.07076720893383026, 1.0607997179031372], [-0.43552958965301514, 0.08906921744346619, 0.6067401766777039], [-0.23052309453487396, 0.16245496273040771, 0.46566200256347656], [0.8847686648368835, -0.22089268267154694, 0.01734224520623684], [-0.5497151613235474, -0.12413842976093292, 0.13489998877048492], [0.7078663110733032, -0.22065751254558563, 0.3031595051288605]]]
scale: [[1.0247284173965454]]
smpl_joints: [[0.06686241179704666, -0.09505722671747208, -0.07004638761281967], [0.1208033412694931, 0.0008050156175158918, -0.05366825312376022], [0.023449968546628952, 0.011270524002611637, -0.11492935568094254], [0.08660861104726791, -0.2056410163640976, -0.09960148483514786], [0.18474136292934418, 0.38182300329208374, 0.014105909503996372], [-0.11527048051357269, 0.3568304479122162, -0.09206455945968628], [0.09069676697254181, -0.34295278787612915, -0.08891990780830383], [0.2165393978357315, 0.7817290425300598, -0.09134802967309952], [-0.1293088048696518, 0.776899516582489, -0.10506598651409149], [0.06331028789281845, -0.3963032364845276, -0.07387987524271011], [0.18988145887851715, 0.8568572402000427, 0.029193026944994926], [-0.26535919308662415, 0.8041675686836243, -0.06951538473367691], [0.05246540904045105, -0.5611075758934021, -0.09162021428346634], [0.09341231733560562, -0.4830605089664459, -0.04165332764387131], [0.023219874128699303, -0.4789055287837982, -0.10777639597654343], [0.052776407450437546, -0.7197872996330261, -0.06473952531814575], [0.20615041255950928, -0.5134196281433105, 0.030107129365205765], [-0.05304998531937599, -0.4971661865711212, -0.1986386477947235], [0.29506105184555054, -0.25483033061027527, 0.013986920937895775], [-0.05813727527856827, -0.23522192239761353, -0.3023468255996704], [0.25076451897621155, -0.10955825448036194, 0.2290150374174118], [-0.0713631883263588, -0.038515444844961166, -0.1336095929145813], [0.17343184351921082, -0.04989902675151825, 0.3194766044616699], [0.014764928258955479, 0.017960062250494957, -0.04200374707579613]]
