betas: [[-0.015131339430809021, 0.30344319343566895, -0.5799225568771362, -0.4968430697917938, -0.9827985167503357, -0.09349211305379868, -0.451450377702713, 0.03525758534669876, -0.41595181822776794, -0.23770254850387573, -0.6959977746009827, 0.4048081636428833, -0.25199833512306213, -0.46908295154571533, -0.33122527599334717, -0.36369338631629944, 0.25243479013442993, -0.3192436397075653, -0.6303848624229431, 0.11468714475631714, 0.19397680461406708, -0.09912202507257462, -0.6785483956336975, 0.0687631145119667, -0.04706064611673355, -0.2391020506620407, 0.30576416850090027, -0.0016526005929335952, 0.32896292209625244, 0.07466442883014679, -0.3594951033592224, 0.29244425892829895, 0.05196022987365723, 0.4272560775279999, -0.4275016784667969, 0.6092007756233215, -0.13188496232032776, 0.17804734408855438, -0.14399108290672302, -0.008076834492385387, 0.9850174188613892, -0.23294229805469513, -0.6297678351402283, -0.47386711835861206, -0.3588363230228424, -0.4131282866001129, -0.29879724979400635, -0.3754236400127411, 0.6574550271034241, 0.3355233073234558, -0.242365300655365, 0.04970799386501312, -0.06938603520393372, -0.1696707159280777, -0.3740934133529663, -0.16306035220623016, -0.2523150146007538, -0.39597976207733154, -0.32852140069007874, 0.39885297417640686, 0.1202416867017746, 1.0205200910568237, -0.17393839359283447, -0.08582199364900589, -0.5112659931182861, 0.1959713250398636, 0.5360208749771118, 0.20231139659881592, 0.6037725806236267, 0.2809423506259918, 0.05490978807210922, -0.24610765278339386, -0.6303097605705261, 0.02126188762485981, 0.4080355763435364, 0.049332644790410995, -0.10347908735275269, -0.04664561524987221, 0.2713128626346588, -0.1394585520029068, -0.10468903183937073, -0.10537246614694595, 0.08377102762460709, 0.10533911734819412, -0.39035698771476746, 0.5720667839050293, -0.2185833603143692, -0.2188275307416916, -0.05511759594082832, -0.4716056287288666, -0.4922396242618561, -0.8917614221572876, -0.027994254603981972, 0.28562551736831665, 0.06831242144107819, -0.05028469115495682, 0.4270239472389221, 0.4190683662891388, 0.5295234322547913, -0.39054203033447266, 0.4503451883792877, -0.4625518321990967, 0.6104400157928467, -0.1787365972995758, -0.13075797259807587, -0.04464447498321533, 0.2904386520385742, 0.3199928104877472, -0.17797501385211945, -0.24667181074619293, -0.14652854204177856, -0.660797119140625, -0.07864072918891907, 0.3924214243888855, -0.15482671558856964, -0.03864278644323349, 0.299422949552536, -0.4535277187824249, -0.38153859972953796, 0.15194152295589447, -0.08577068895101547, 0.014313980005681515, 0.3216956853866577, -0.629213273525238, 0.007500552572309971, -0.17429475486278534, -0.15992139279842377, 0.34493890404701233, 0.24489517509937286, 0.07732947915792465, 0.16292829811573029, 0.34410974383354187, 0.18260669708251953, -0.17868351936340332, 0.10791211575269699, -0.1884167194366455, 0.20105823874473572, -0.1274496465921402, -0.2954937517642975, 0.02510165609419346, -0.40148109197616577, 0.3215411305427551, 0.14510290324687958, 0.006629022769629955, 0.1484159529209137, -0.49846920371055603, 0.14533188939094543, -0.01751086302101612, -0.5575575232505798, -0.12626862525939941, -0.1334318071603775, -0.03545568883419037, 0.27661290764808655, 0.1826983541250229, 0.09359388053417206, -0.4613873064517975, -0.17339561879634857, -0.18782363831996918, 0.14310219883918762, -0.21605169773101807, 0.059264007955789566, 0.0011407379060983658, -0.4645860493183136, 0.1625211387872696, -0.10489711165428162, -0.13187721371650696, -0.1417302042245865, -0.1228761076927185, 0.14238032698631287, -0.17568306624889374, 0.43707990646362305, 0.04337412491440773, 0.33271023631095886, -0.02823849581182003, -0.5204720497131348, -0.03957614675164223, 0.10253780335187912, 0.048024460673332214, 0.06976789236068726, -0.14309681951999664, -0.48011595010757446, 0.30022886395454407, 0.4158015549182892, -0.4116712510585785, -0.446331650018692, -0.23435066640377045, 0.2526746392250061, 0.1584928333759308, 0.09257899969816208, 0.4799717664718628, -0.19607369601726532, 0.3528808653354645, 0.21151219308376312, -0.3246851861476898, 0.15198317170143127, -0.0038963507395237684, 0.384994238615036, -0.16893906891345978, -0.10805610567331314, -0.14162756502628326]]
body_pose: [[[0.013119137845933437, 0.0813593715429306, 0.09548617154359818], [-0.26852521300315857, -0.1503760814666748, -0.14065566658973694], [0.14212141931056976, -0.03535642474889755, 0.004868727643042803], [0.21832743287086487, -0.19510360062122345, -0.08888502418994904], [0.2996906638145447, -0.016387969255447388, 0.03326417878270149], [-0.028876695781946182, 0.010222254320979118, 0.01834769919514656], [-0.1644914746284485, 0.15202639997005463, -0.19896318018436432], [-0.18631520867347717, -0.23492026329040527, 0.004525147844105959], [0.045312169939279556, -0.004860302899032831, 0.026165131479501724], [0.08823087811470032, 0.10724235326051712, 0.28151097893714905], [-0.03519375994801521, -0.10415986180305481, -0.02276085875928402], [-0.06959492713212967, 0.051703326404094696, 0.043189868330955505], [0.03093324974179268, 0.040139906108379364, -0.2598513960838318], [0.021828463301062584, -0.08718892931938171, 0.3044200539588928], [0.17033405601978302, 0.051102038472890854, -0.09677479416131973], [0.036443207412958145, -0.10080481320619583, -0.8630642294883728], [0.44507357478141785, 0.2945535182952881, 0.8884836435317993], [-0.19070248305797577, -0.9404405951499939, -0.029609354212880135], [0.03208714351058006, 1.1068819761276245, 0.2321183979511261], [-0.020456135272979736, -0.18430490791797638, 0.2923196256160736], [-0.14342007040977478, 0.17827598750591278, -0.08025703579187393]]]
bodypose_mat: [[[[0.9921419620513916, -0.09470022469758987, 0.08176934719085693], [0.09576617181301117, 0.9953612685203552, -0.00920518022030592], [-0.08051831275224686, 0.01696358248591423, 0.9966087341308594]], [[0.9790029525756836, 0.15798473358154297, -0.12881743907928467], [-0.11798878014087677, 0.954491913318634, 0.27390506863594055], [0.16622799634933472, -0.25295490026474, 0.9530908465385437]], [[0.9993643164634705, -0.007359286770224571, -0.034884676337242126], [0.0023433591704815626, 0.9899069666862488, -0.14169928431510925], [0.03557538986206055, 0.1415274441242218, 0.9892949461936951]], [[0.9771957397460938, 0.0663718432188034, -0.20170068740844727], [-0.10863698273897171, 0.9724323749542236, -0.20633280277252197], [0.18244560062885284, 0.22353971004486084, 0.9574671983718872]], [[0.9993177056312561, -0.03519797325134277, -0.011193315498530865], [0.03032386116683483, 0.954883873462677, -0.2954271137714386], [0.02108675427734852, 0.29488611221313477, 0.9552996754646301]], [[0.999779462814331, -0.01849137805402279, 0.009955201297998428], [0.01819622330367565, 0.9994148015975952, 0.0289643295109272], [-0.010484965518116951, -0.02877679467201233, 0.9995308518409729]], [[0.9688845872879028, 0.1835898607969284, 0.16600419580936432], [-0.20841042697429657, 0.9669265747070312, 0.1470307558774948], [-0.13352051377296448, -0.177052840590477, 0.9751023054122925]], [[0.9726022481918335, 0.017263472080230713, -0.23183375597000122], [0.026178741827607155, 0.98276287317276, 0.18300789594650269], [0.23099693655967712, -0.18406300246715546, 0.9553854465484619]], [[0.999646008014679, -0.02626318298280239, -0.004265402909368277], [0.02604300156235695, 0.9986313581466675, -0.04535489156842232], [0.00545072928071022, 0.04522775113582611, 0.9989618062973022]], [[0.954996645450592, -0.272218257188797, 0.11780716478824615], [0.2816029191017151, 0.9568395614624023, -0.07181762903928757], [-0.09317249804735184, 0.10176043957471848, 0.9904360175132751]], [[0.9943222403526306, 0.02454403229057789, -0.1035410612821579], [-0.020882101729512215, 0.999122679233551, 0.03630399703979492], [0.10434124618768692, -0.03393572196364403, 0.9939624071121216]], [[0.9977325201034546, -0.04492010548710823, 0.05012079328298569], [0.04132462292909622, 0.9966482520103455, 0.07060181349515915], [-0.053124237805604935, -0.06837049871683121, 0.9962446689605713]], [[0.9656344056129456, 0.25744369626045227, 0.03567703068256378], [-0.25620925426483154, 0.9659597277641296, -0.035757970064878464], [-0.0436682403087616, 0.025388341397047043, 0.9987233877182007]], [[0.9502828121185303, -0.30027762055397034, -0.08243753015995026], [0.29839035868644714, 0.9538156986236572, -0.03462374582886696], [0.08902695029973984, 0.008303786627948284, 0.9959946274757385]], [[0.9940320253372192, 0.10045236349105835, 0.042539723217487335], [-0.09177763760089874, 0.9808759093284607, -0.17163701355457306], [-0.05896753445267677, 0.16670848429203033, 0.9842413663864136]], [[0.645682692527771, 0.7565824389457703, -0.10332905501127243], [-0.7600302696228027, 0.6498280167579651, 0.008807090111076832], [0.07380940020084381, 0.07284662872552872, 0.9946082830429077]], [[0.5997574925422668, -0.6778492331504822, 0.4252191185951233], [0.7976234555244446, 0.5489012598991394, -0.2500084340572357], [-0.063935287296772, 0.48910918831825256, 0.8698760867118835]], [[0.5903183221817017, 0.10825903713703156, -0.7998777031898499], [0.0577269084751606, 0.9827650189399719, 0.17561490833759308], [0.8051036596298218, -0.14984315633773804, 0.573894739151001]], [[0.42584314942359924, -0.16972781717777252, 0.8887349963188171], [0.20161381363868713, 0.9753522276878357, 0.08966513723134995], [-0.8820484280586243, 0.1409979611635208, 0.4495665431022644]], [[0.9408844113349915, -0.28464969992637634, -0.1836058795452118], [0.288382351398468, 0.9574924111366272, -0.006620015949010849], [0.17768563330173492, -0.046720027923583984, 0.9829776287078857]], [[0.980981707572937, 0.06675124913454056, 0.18226130306720734], [-0.0921945720911026, 0.9865607619285583, 0.13489986956119537], [-0.1708071231842041, -0.14913780987262726, 0.9739521741867065]]]]
global_orient: [[[2.948019504547119, 0.04614771530032158, -0.9227542877197266]]]
globalorient_mat: [[[[0.8212518692016602, 0.04406868293881416, -0.5688614845275879], [0.012907725758850574, -0.998192548751831, -0.05869362875819206], [-0.5704198479652405, 0.04085954278707504, -0.8203363418579102]]]]
transl: [[0.059023480862379074, 0.24854420125484467, 0.03227566182613373]]
expression: [[-0.6967414021492004, -0.18890005350112915, 0.0551258884370327, -0.005368269979953766, -0.29878655076026917, -0.5658329725265503, -0.12832556664943695, 0.4871528744697571, 0.16371673345565796, -0.003159385873004794, 0.05379631742835045, 0.4895842671394348, 0.1761469542980194, -0.1643660068511963, 0.36766600608825684, -0.12897378206253052, -0.2008262276649475, 0.1545080542564392, -0.2033752202987671, 0.017039604485034943, -0.10974234342575073, 0.0022457633167505264, -0.09490238130092621, 0.022902436554431915, -0.05352145805954933, 0.08546560257673264, -0.05616901069879532, 0.11957846581935883, -0.10637775808572769, -0.09617038071155548, -0.0420197919011116, -0.13050879538059235, -0.011958838440477848, -0.010618213564157486, 0.15119613707065582, -0.08613811433315277, 0.2198394536972046, -0.017627015709877014, 0.04117874056100845, 0.00964011624455452, -0.058934248983860016, 0.03468913212418556, -0.071318119764328, 0.06624595820903778, 0.023589424788951874, -0.010255116969347, -0.05693558603525162, 0.05008704587817192, -0.02861805446445942, 0.012459901161491871]]
jaw_pose: [[[0.05891181156039238, 0.0026901571545749903, 0.005210576578974724]]]
left_hand_pose: [[[0.04302322119474411, 0.06866059452295303, -0.44609764218330383], [0.15554314851760864, -0.06168973818421364, -0.5639644265174866], [-0.14779435098171234, -0.09328050911426544, -0.09953926503658295], [-0.2529335618019104, 0.025652512907981873, -0.8387059569358826], [-0.13133950531482697, 0.042945560067892075, -0.8985133171081543], [0.018676122650504112, -0.12669314444065094, -0.448710560798645], [-0.45297685265541077, -0.4744621515274048, -0.6330235600471497], [-0.6248029470443726, -0.14390575885772705, -0.7114973068237305], [-0.3612217605113983, -0.08945009857416153, -0.5200238823890686], [-0.1956465095281601, -0.2383096069097519, -0.8605160713195801], [-0.4397098422050476, -0.16258175671100616, -0.9832244515419006], [-0.18189312517642975, -0.18146927654743195, -0.572663426399231], [0.8414958715438843, 0.444324254989624, -0.031172532588243484], [-0.47890692949295044, 0.053644925355911255, -0.08596485108137131], [0.6228609681129456, 0.05394711717963219, 0.010043902322649956]]]
right_hand_pose: [[[0.0955011323094368, -0.15596142411231995, 0.57904452085495], [0.20981748402118683, 0.07500579953193665, 0.918847918510437], [-0.1527082622051239, 0.12132571637630463, 0.21099598705768585], [-0.09971873462200165, -0.13344167172908783, 0.8504188060760498], [-0.2236223816871643, -0.0719241201877594, 0.6638497710227966], [-0.019666366279125214, 0.10618659108877182, 0.35802674293518066], [-0.35831522941589355, 0.22958475351333618, 0.8067429661750793], [-0.37622442841529846, 0.07256028056144714, 0.4998055398464203], [-0.3550257682800293, 0.09129549562931061, 0.10758646577596664], [-0.05032864585518837, 0.0465124174952507, 0.889655590057373], [-0.41093921661376953, 0.07929277420043945, 0.6210599541664124], [-0.21662205457687378, 0.199363574385643, 0.42666947841644287], [0.8981424570083618, -0.23022928833961487, 0.034183647483587265], [-0.5257881879806519, -0.13403260707855225, 0.12874843180179596], [0.6810855269432068, -0.212553009390831, 0.30914536118507385]]]
scale: [[1.001436471939087]]
smpl_joints: [[0.061465032398700714, -0.09972371906042099, -0.043992385268211365], [0.11450904607772827, -0.006343135144561529, -0.028655005618929863], [0.01903630793094635, 0.004223026800900698, -0.08737976849079132], [0.07980663329362869, -0.2081526666879654, -0.07272119075059891], [0.18289195001125336, 0.36815857887268066, 0.024481745436787605], [-0.11927761882543564, 0.34229719638824463, -0.07292583584785461], [0.08691053092479706, -0.3425365686416626, -0.0649184137582779], [0.2104976922273636, 0.7577373385429382, -0.08162897825241089], [-0.13421595096588135, 0.7520492076873779, -0.08930915594100952], [0.061852820217609406, -0.39516204595565796, -0.049930378794670105], [0.1781938523054123, 0.8290762901306152, 0.03612746298313141], [-0.26751255989074707, 0.7791576981544495, -0.05510418489575386], [0.052883923053741455, -0.5560155510902405, -0.06783279031515121], [0.09397117793560028, -0.47963201999664307, -0.020675502717494965], [0.022462796419858932, -0.476205438375473, -0.08148704469203949], [0.04972083494067192, -0.7115350365638733, -0.041369758546352386], [0.20839981734752655, -0.5088403820991516, 0.042182985693216324], [-0.05722907930612564, -0.4921451210975647, -0.16584599018096924], [0.2909335196018219, -0.2550249695777893, 0.02508556842803955], [-0.0661541149020195, -0.23113371431827545, -0.25262606143951416], [0.24800723791122437, -0.1158883199095726, 0.23696468770503998], [-0.07752296328544617, -0.05936981737613678, -0.06665576249361038], [0.1715400367975235, -0.04778525233268738, 0.3241801857948303], [-0.013501632027328014, 0.008136380463838577, 0.046652279794216156]]
