betas: [[-0.06263857334852219, 0.2946934103965759, -0.5961295962333679, -0.5043724775314331, -0.9278361797332764, -0.13419927656650543, -0.47002798318862915, 0.0372278168797493, -0.4434789717197418, -0.29957231879234314, -0.70988929271698, 0.3652796447277069, -0.27008309960365295, -0.4426901340484619, -0.30391550064086914, -0.35700371861457825, 0.23195138573646545, -0.31620824337005615, -0.5975583791732788, 0.11245443671941757, 0.1694946140050888, -0.07271388173103333, -0.6311474442481995, 0.07650254666805267, -0.0506245419383049, -0.23215937614440918, 0.2905261218547821, -0.02160753682255745, 0.3323005735874176, 0.012436659075319767, -0.29525959491729736, 0.27943697571754456, -0.049866851419210434, 0.45473340153694153, -0.5066096782684326, 0.5269949436187744, -0.06602376699447632, 0.18663333356380463, -0.1599271595478058, -0.018180150538682938, 0.9116036891937256, -0.21095497906208038, -0.582719624042511, -0.2977481484413147, -0.3502933382987976, -0.44547760486602783, -0.22781091928482056, -0.32550719380378723, 0.654626190662384, 0.32888132333755493, -0.18874216079711914, 0.0340886190533638, -0.12228745222091675, -0.2066863775253296, -0.3888832926750183, -0.16712911427021027, -0.2156192660331726, -0.3599618375301361, -0.29085230827331543, 0.381652295589447, 0.09300652891397476, 0.9852460622787476, -0.11768775433301926, -0.07098686695098877, -0.3540419340133667, 0.15476179122924805, 0.5930274724960327, 0.1719086915254593, 0.6402308344841003, 0.33081209659576416, 0.11666791886091232, -0.21837082505226135, -0.6498284339904785, -0.027460535988211632, 0.42104271054267883, 0.04351716488599777, -0.19338040053844452, -0.04976301267743111, 0.24594853818416595, -0.03692295774817467, -0.06604796648025513, -0.11345624178647995, 0.12757639586925507, 0.1049739271402359, -0.3802914023399353, 0.5511665940284729, -0.16483086347579956, -0.2191312611103058, -0.11641118675470352, -0.4761364758014679, -0.5063765645027161, -0.8706987500190735, -0.05585230886936188, 0.18474699556827545, 0.0955950915813446, -0.021720075979828835, 0.4066375195980072, 0.33253100514411926, 0.5754601955413818, -0.39256125688552856, 0.4704543650150299, -0.4230292737483978, 0.5299559235572815, -0.10647889971733093, -0.09518640488386154, -0.05057287961244583, 0.28661006689071655, 0.3598085343837738, -0.24094541370868683, -0.19977745413780212, -0.23825331032276154, -0.6522079706192017, -0.049154460430145264, 0.3773902952671051, -0.1614125669002533, 0.011109484359622002, 0.2658911943435669, -0.39281654357910156, -0.30205515027046204, 0.10181477665901184, -0.10937625169754028, 0.014009187929332256, 0.25361528992652893, -0.6086711883544922, -0.011857784353196621, -0.19604277610778809, -0.043864499777555466, 0.27357321977615356, 0.20354388654232025, 0.05127112567424774, 0.18220463395118713, 0.2583148181438446, 0.15353578329086304, -0.3009657859802246, 0.08065275847911835, -0.18329361081123352, 0.26364368200302124, -0.07662627100944519, -0.30083799362182617, 0.06101037561893463, -0.37704819440841675, 0.3639136850833893, 0.14607365429401398, 0.012176770716905594, 0.11842378973960876, -0.4309828281402588, 0.11978398263454437, -0.02354622073471546, -0.4583895802497864, -0.1517743468284607, -0.18621930480003357, -0.01873174123466015, 0.291074275970459, 0.26838988065719604, 0.17570795118808746, -0.4211186170578003, -0.11584952473640442, -0.2786232829093933, 0.129103884100914, -0.17818427085876465, 0.06013106182217598, 0.0029545214492827654, -0.4416649043560028, 0.08673643320798874, -0.08289200812578201, -0.12712015211582184, -0.11656869947910309, -0.1332518607378006, 0.11047553271055222, -0.11394471675157547, 0.4181344509124756, 0.03691769391298294, 0.31779611110687256, 0.028415534645318985, -0.4588887095451355, -0.03973257169127464, 0.07758976519107819, 0.041688013821840286, 0.06748250126838684, -0.12260599434375763, -0.41535553336143494, 0.16732342541217804, 0.4225175678730011, -0.4182007312774658, -0.4246148467063904, -0.2747070789337158, 0.26170849800109863, 0.17270591855049133, 0.035354532301425934, 0.5063976049423218, -0.321320116519928, 0.36680710315704346, 0.11746116727590561, -0.3389236330986023, 0.11778774112462997, -0.027911191806197166, 0.40469667315483093, -0.21954815089702606, -0.16334229707717896, -0.12165920436382294]]
body_pose: [[[-0.001313449814915657, 0.09358537942171097, 0.09991776943206787], [-0.26996153593063354, -0.13370516896247864, -0.12824422121047974], [0.16447600722312927, -0.038159918040037155, 0.007291943766176701], [0.22744952142238617, -0.17938978970050812, -0.0807466208934784], [0.31518247723579407, -0.017222478985786438, 0.029191019013524055], [-0.03187450394034386, 0.00040052851545624435, 0.02126936987042427], [-0.17103952169418335, 0.16785113513469696, -0.24570232629776], [-0.19591273367404938, -0.26831671595573425, 0.02444920502603054], [0.042820047587156296, -0.0130079984664917, 0.028086775913834572], [0.10942991077899933, 0.13367803394794464, 0.2867830991744995], [-0.024375880137085915, -0.08614551275968552, 0.024716677144169807], [-0.06917082518339157, 0.12605887651443481, 0.03383238613605499], [0.027195008471608162, 0.048357561230659485, -0.26512211561203003], [0.0063871960155665874, -0.09648353606462479, 0.29785287380218506], [0.125666543841362, 0.12219013273715973, -0.07933108508586884], [0.027011482045054436, -0.09196418523788452, -0.8591219782829285], [0.462395578622818, 0.3471499979496002, 0.8987617492675781], [-0.22211787104606628, -0.9272685050964355, -0.04743705317378044], [0.10055872797966003, 1.107305884361267, 0.21668408811092377], [-0.04939286410808563, -0.2156299352645874, 0.3226299583911896], [-0.135814368724823, 0.16874775290489197, -0.01903841830790043]]]
bodypose_mat: [[[[0.9906437397003174, -0.09966729581356049, 0.0932277962565422], [0.09954456239938736, 0.9950152039527893, 0.005977474618703127], [-0.0933588296175003, 0.0033587731886655092, 0.9956269264221191]], [[0.9829908609390259, 0.14385206997394562, -0.11417259275913239], [-0.10807811468839645, 0.9557346105575562, 0.2736609876155853], [0.14848542213439941, -0.25666674971580505, 0.9550256729125977]], [[0.999247133731842, -0.01038801483809948, -0.03738027065992355], [0.0041265469044446945, 0.9864794015884399, -0.16383296251296997], [0.038576770573854446, 0.1635553538799286, 0.9857795834541321]], [[0.9807949662208557, 0.05928729474544525, -0.18581204116344452], [-0.09978283941745758, 0.971092164516449, -0.21684862673282623], [0.16758427023887634, 0.231224924325943, 0.9583581686019897]], [[0.9994304180145264, -0.0313960425555706, -0.012373626232147217], [0.02601311169564724, 0.9503220319747925, -0.3101795017719269], [0.02149733528494835, 0.3096809685230255, 0.9505974650382996]], [[0.9997738003730774, -0.021270543336868286, 6.149667024146765e-05], [0.021257780492305756, 0.9992658495903015, 0.03187096118927002], [-0.0007393642445094883, -0.03186244145035744, 0.9994919896125793]], [[0.9561610221862793, 0.22669252753257751, 0.18538197875022888], [-0.25512099266052246, 0.9556261301040649, 0.14728213846683502], [-0.1437680870294571, -0.1881202906370163, 0.9715664982795715]], [[0.964038610458374, 0.0020416637416929007, -0.26575443148612976], [0.050040677189826965, 0.9806897640228271, 0.18905943632125854], [0.2610086500644684, -0.19555911421775818, 0.9453206062316895]], [[0.9995211362838745, -0.028352148830890656, -0.012400747276842594], [0.027795270085334778, 0.9986890554428101, -0.042982764542102814], [0.013603145256638527, 0.042617492377758026, 0.9989988803863525]], [[0.9504086971282959, -0.2742094099521637, 0.14673997461795807], [0.2887016236782074, 0.9533286690711975, -0.08840709924697876], [-0.11564937233924866, 0.12638694047927856, 0.9852165579795837]], [[0.9959869980812073, -0.023631976917386055, -0.08632273972034454], [0.02573033794760704, 0.999397873878479, 0.023277001455426216], [0.08572068810462952, -0.02540470100939274, 0.9959953427314758]], [[0.9914977550506592, -0.03806136175990105, 0.12443297356367111], [0.029357606545090675, 0.9970407485961914, 0.07104811817407608], [-0.12676893174648285, -0.06679099798202515, 0.98968106508255]], [[0.9639073610305786, 0.2625456154346466, 0.04418540373444557], [-0.26123854517936707, 0.9647019505500793, -0.03323492035269737], [-0.05135142803192139, 0.02049245312809944, 0.9984703660011292]], [[0.951386570930481, -0.29331403970718384, -0.09397081285715103], [0.2927028238773346, 0.9559828639030457, -0.020535217598080635], [0.09585776925086975, -0.007968593388795853, 0.9953631162643433]], [[0.9894207715988159, 0.08649652451276779, 0.11646842211484909], [-0.07118861377239227, 0.9889912605285645, -0.12972450256347656], [-0.1264069676399231, 0.12006089091300964, 0.9846860766410828]], [[0.6493995189666748, 0.7548825144767761, -0.0918290838599205], [-0.757215678691864, 0.6530287265777588, 0.01333385705947876], [0.0700325295329094, 0.06087543070316315, 0.9956854581832886]], [[0.5783838629722595, -0.6642845273017883, 0.4734957218170166], [0.8100976347923279, 0.536009669303894, -0.2375616580247879], [-0.09598974883556366, 0.5209795236587524, 0.8481546640396118]], [[0.6007207632064819, 0.13594627380371094, -0.787815511226654], [0.054841089993715286, 0.9761071801185608, 0.2102552205324173], [0.7975757718086243, -0.16950932145118713, 0.5789124369621277]], [[0.4286819398403168, -0.12325683236122131, 0.8950081467628479], [0.22319701313972473, 0.9743914604187012, 0.027284517884254456], [-0.8754512667655945, 0.1880667805671692, 0.44521456956863403]], [[0.925662100315094, -0.3092065155506134, -0.21803908050060272], [0.3197219669818878, 0.9474109411239624, 0.013799718581140041], [0.2023056298494339, -0.08248575776815414, 0.9758425354957581]], [[0.9856376051902771, 0.007474633399397135, 0.16870881617069244], [-0.03030284307897091, 0.9906330108642578, 0.13314656913280487], [-0.16613329946994781, -0.13634662330150604, 0.9766316413879395]]]]
global_orient: [[[2.928734302520752, 0.040755968540906906, -0.9106748700141907]]]
globalorient_mat: [[[[0.8235963582992554, 0.04736851900815964, -0.565194845199585], [0.0033087218180298805, -0.9968907237052917, -0.07872714847326279], [-0.5671666264533997, 0.06296932697296143, -0.8211923241615295]]]]
transl: [[0.05608800798654556, 0.25085145235061646, -0.04675145074725151]]
expression: [[-0.6418535113334656, -0.08501175791025162, -0.022075314074754715, -0.02630801498889923, -0.26312777400016785, -0.4999386966228485, -0.13620512187480927, 0.49066221714019775, 0.1287338137626648, -0.11280892789363861, 0.07083927094936371, 0.34655314683914185, 0.17076712846755981, -0.1098770722746849, 0.30103108286857605, -0.0711757093667984, -0.08401139080524445, 0.15787696838378906, -0.17018017172813416, -0.0369047150015831, -0.11664153635501862, 0.026626646518707275, -0.10751104354858398, 0.02498643845319748, -0.02237059734761715, 0.05770806223154068, -0.05507712811231613, 0.07625123858451843, -0.08804015070199966, -0.07241588830947876, -0.023139694705605507, -0.1390456110239029, -0.028604187071323395, 0.007549826055765152, 0.14800292253494263, -0.056732192635536194, 0.23476795852184296, 0.00995413213968277, 0.025447631254792213, -0.03275835141539574, -0.08995402604341507, 0.06100228428840637, -0.0666232481598854, 0.032314203679561615, 0.037256062030792236, -0.00786837562918663, -0.029540501534938812, 0.02633490040898323, -0.003952325787395239, 0.01540257129818201]]
jaw_pose: [[[0.05259454622864723, 0.002568555064499378, 0.0069985962472856045]]]
left_hand_pose: [[[0.04512878879904747, 0.06585755199193954, -0.40022772550582886], [0.12159671634435654, -0.06081554293632507, -0.5973632335662842], [-0.09984487295150757, -0.09468021988868713, -0.1674492210149765], [-0.27476972341537476, 0.041458308696746826, -0.8587679266929626], [-0.13204553723335266, 0.03789147362112999, -0.9538903832435608], [0.004061427898705006, -0.1285816729068756, -0.4940904676914215], [-0.5211081504821777, -0.4438011646270752, -0.7193836569786072], [-0.5678896307945251, -0.14632509648799896, -0.729035496711731], [-0.41630107164382935, -0.07504382729530334, -0.4942927956581116], [-0.21733391284942627, -0.23183417320251465, -0.9232257008552551], [-0.4523259699344635, -0.16306030750274658, -0.9981552958488464], [-0.19749315083026886, -0.18437813222408295, -0.6000714898109436], [0.8380758762359619, 0.3992689549922943, -0.026288369670510292], [-0.4972022771835327, 0.04269251227378845, -0.10230603069067001], [0.6361615061759949, 0.0997767448425293, -0.00741971842944622]]]
right_hand_pose: [[[0.10691704601049423, -0.14440029859542847, 0.4731835424900055], [0.1701624095439911, 0.07082114368677139, 0.7784841060638428], [-0.11754921823740005, 0.08643491566181183, 0.16497062146663666], [-0.0696951374411583, -0.11643751710653305, 0.7389703392982483], [-0.20025594532489777, -0.0736798644065857, 0.5561797022819519], [-0.012620707042515278, 0.08987832069396973, 0.2835960388183594], [-0.3270214796066284, 0.2619185447692871, 0.6941402554512024], [-0.2933419346809387, 0.03458229824900627, 0.4436570405960083], [-0.3389093279838562, 0.09482014924287796, 0.060057491064071655], [-0.03316232189536095, 0.05128256231546402, 0.7853574156761169], [-0.35535991191864014, 0.052459586411714554, 0.5057237148284912], [-0.18816059827804565, 0.1600138545036316, 0.33641061186790466], [0.7900981903076172, -0.25054025650024414, -0.010627200827002525], [-0.5324739217758179, -0.14023302495479584, 0.08657483756542206], [0.6050665974617004, -0.1591680347919464, 0.23489001393318176]]]
scale: [[1.009263515472412]]
smpl_joints: [[0.06005094572901726, -0.09720715135335922, 0.034171782433986664], [0.11323325335979462, -0.0034828977659344673, 0.051147717982530594], [0.017076371237635612, 0.008056167513132095, -0.0071984222158789635], [0.0787360742688179, -0.20530009269714355, 0.0029219244606792927], [0.17990362644195557, 0.3712310791015625, 0.1170213520526886], [-0.12029509991407394, 0.3477254807949066, 0.019773807376623154], [0.08418390154838562, -0.3404528796672821, 0.010173889808356762], [0.20598764717578888, 0.7660644054412842, 0.02335081808269024], [-0.13119672238826752, 0.7597488760948181, 0.009364476427435875], [0.05820555239915848, -0.3930716812610626, 0.024605214595794678], [0.17707419395446777, 0.8349863886833191, 0.14423063397407532], [-0.26500967144966125, 0.787761390209198, 0.04369408264756203], [0.047692202031612396, -0.5544387102127075, 0.004626880865544081], [0.0890115275979042, -0.47868260741233826, 0.05357402190566063], [0.018316807225346565, -0.4737195074558258, -0.008718877099454403], [0.04510575905442238, -0.7111456990242004, 0.029565412551164627], [0.2031126171350479, -0.5093632340431213, 0.11733599007129669], [-0.05928238853812218, -0.4885377287864685, -0.09575887769460678], [0.28852513432502747, -0.2545604109764099, 0.10399018973112106], [-0.06844468414783478, -0.22197678685188293, -0.16991665959358215], [0.24996238946914673, -0.11477630585432053, 0.317659854888916], [-0.07172751426696777, -0.05710145831108093, 0.024014504626393318], [0.1762290894985199, -0.056243833154439926, 0.40733659267425537], [0.003490240778774023, 0.018748000264167786, 0.1422785371541977]]
