betas: [[0.027790652588009834, 0.29393163323402405, -0.568824827671051, -0.3868700861930847, -1.0104979276657104, -0.022219063714146614, -0.5634018778800964, 0.002524742390960455, -0.40882936120033264, -0.1900249421596527, -0.7707818746566772, 0.41140955686569214, -0.28199198842048645, -0.511371910572052, -0.22653961181640625, -0.334454745054245, 0.16677217185497284, -0.3194218575954437, -0.5521465539932251, 0.07789351791143417, 0.36114221811294556, -0.054493632167577744, -0.7199154496192932, -0.06646236032247543, -0.12098720669746399, -0.286281555891037, 0.28788942098617554, -0.003521895734593272, 0.43733689188957214, 0.09009511023759842, -0.224740669131279, 0.06563790142536163, -0.047834888100624084, 0.45916590094566345, -0.6829754710197449, 0.6306060552597046, -0.14968958497047424, 0.02967067062854767, -0.12664362788200378, 0.1500917226076126, 0.8855511546134949, -0.18650071322917938, -0.5744413733482361, -0.3194164037704468, -0.2613963484764099, -0.4177488684654236, -0.1986953467130661, -0.3134424686431885, 0.792978048324585, 0.3963571786880493, -0.05027606710791588, -0.008620410226285458, 0.06804703921079636, -0.15896639227867126, -0.460779070854187, -0.15358999371528625, -0.2605966627597809, -0.3232744634151459, -0.3824929893016815, 0.4385124146938324, 0.03255392611026764, 1.0330268144607544, -0.2486649602651596, -0.22780150175094604, -0.3261879086494446, 0.23386041820049286, 0.6212683320045471, 0.16166234016418457, 0.6000182032585144, 0.31886810064315796, 0.08961668610572815, -0.414485901594162, -0.5601716041564941, 0.035691652446985245, 0.39431232213974, 0.08137612044811249, -0.08188408613204956, -0.0022616719361394644, 0.007744553033262491, -0.1702766716480255, 0.03679975867271423, 0.051279906183481216, 0.0597740076482296, 0.24503400921821594, -0.27216628193855286, 0.4041937589645386, -0.14744386076927185, -0.11521946638822556, 0.15866690874099731, -0.45952242612838745, -0.36224862933158875, -0.8657454252243042, -0.08124059438705444, 0.2468307614326477, -0.05491015687584877, -0.1325310915708542, 0.4374096095561981, 0.42132094502449036, 0.39301469922065735, -0.33524289727211, 0.4755108654499054, -0.3639429807662964, 0.5786346793174744, -0.10192015022039413, -0.1268734335899353, -0.07557187974452972, 0.34470757842063904, 0.22024200856685638, -0.15433566272258759, -0.1399802267551422, -0.17901760339736938, -0.6195624470710754, -0.057438358664512634, 0.38592371344566345, -0.20068195462226868, -0.04503950476646423, 0.2871589958667755, -0.3840617537498474, -0.32924526929855347, 0.025770967826247215, -0.027983324602246284, 0.06720799207687378, 0.2017916440963745, -0.5641640424728394, -0.07840240001678467, -0.19418063759803772, -0.02535199001431465, 0.33693185448646545, 0.185869961977005, 0.19405099749565125, 0.054659947752952576, 0.33548811078071594, 0.12468411773443222, -0.11214019358158112, 0.09111470729112625, -0.21364633738994598, 0.1209154948592186, -0.2601107954978943, -0.3259541094303131, 0.15945522487163544, -0.423380583524704, 0.3029513955116272, 0.08258415758609772, -0.08047360181808472, 0.04641842842102051, -0.37886467576026917, 0.10748161375522614, -0.1099727526307106, -0.357258677482605, -0.09755446761846542, -0.11522195488214493, 0.020900845527648926, 0.10436740517616272, 0.06938649713993073, 0.34683966636657715, -0.360976904630661, -0.2149602621793747, -0.1760391741991043, 0.08717399090528488, -0.2811833620071411, 0.043554916977882385, 0.06226826086640358, -0.5830041170120239, 0.24576137959957123, -0.1085212230682373, 0.0027694248128682375, -0.0925745815038681, -0.18408611416816711, 0.057891324162483215, -0.23942667245864868, 0.32669365406036377, 0.09461211413145065, 0.31764474511146545, 0.12177685648202896, -0.4526321291923523, 0.1046297699213028, 0.08127420395612717, 0.09490195661783218, 0.10430904477834702, -0.0634840801358223, -0.40194055438041687, 0.3213949203491211, 0.31286919116973877, -0.2655256688594818, -0.39165177941322327, -0.18512368202209473, 0.19957390427589417, 0.0778208002448082, -0.04156438261270523, 0.474439412355423, -0.1483718901872635, 0.322203129529953, 0.26073816418647766, -0.28660714626312256, 0.20888492465019226, 0.05328916758298874, 0.3229181468486786, -0.26987266540527344, -0.06079420447349548, -0.18944618105888367]]
body_pose: [[[0.022097809240221977, 0.09364497661590576, 0.09338446706533432], [-0.25686848163604736, -0.15225796401500702, -0.12646405398845673], [0.1425674855709076, -0.03739483654499054, 0.0074024442583322525], [0.15132513642311096, -0.22267116606235504, -0.04196774214506149], [0.2932654023170471, -0.02614208497107029, 0.029592690989375114], [-0.009909359738230705, 0.013679907657206059, 0.006522797048091888], [-0.156634122133255, 0.2022779881954193, -0.2968335449695587], [-0.177256241440773, -0.21965044736862183, 0.013967073522508144], [0.05446436628699303, -0.011018780991435051, 0.03321166709065437], [0.05577709525823593, 0.08039166033267975, 0.33562085032463074], [-0.08937960118055344, -0.12674564123153687, -0.09769318997859955], [-0.0912916511297226, 0.09139367938041687, 0.039324626326560974], [0.027031654492020607, 0.019836118444800377, -0.2682720720767975], [0.05882471427321434, -0.098627470433712, 0.3286336064338684], [0.1045355349779129, 0.12343494594097137, -0.07630868256092072], [0.03649622201919556, -0.08191102743148804, -0.8651155233383179], [0.4632185101509094, 0.23947693407535553, 0.9839370250701904], [-0.13546712696552277, -0.9301461577415466, 0.002269613789394498], [0.1180269792675972, 1.1511104106903076, 0.2093503624200821], [-0.05679577961564064, -0.17698894441127777, 0.2466224730014801], [-0.41653212904930115, 0.34359222650527954, 0.04476526007056236]]]
bodypose_mat: [[[[0.9912680387496948, -0.0920717790722847, 0.09439487755298615], [0.0941380187869072, 0.9954023957252502, -0.01766570843756199], [-0.09233438223600388, 0.026397600769996643, 0.9953780174255371]], [[0.9805831909179688, 0.14364361763000488, -0.13350296020507812], [-0.1048748642206192, 0.9593705534934998, 0.26193368434906006], [0.1657039374113083, -0.24284666776657104, 0.9558072686195374]], [[0.999274730682373, -0.010036412626504898, -0.03673253208398819], [0.00471479631960392, 0.98982834815979, -0.14218871295452118], [0.03778596594929695, 0.14191240072250366, 0.9891577959060669]], [[0.9744865298271179, 0.02470647357404232, -0.22308187186717987], [-0.05819426104426384, 0.9877458214759827, -0.14481593668460846], [0.21677029132843018, 0.15410327911376953, 0.9639827609062195]], [[0.9992260932922363, -0.03296809643507004, -0.021454548463225365], [0.025357309728860855, 0.9568758010864258, -0.2893882095813751], [0.030069923028349876, 0.2886202335357666, 0.9569712281227112]], [[0.999885082244873, -0.006590221542865038, 0.013646842911839485], [0.0064546591602265835, 0.999929666519165, 0.009953431785106659], [-0.0137114766985178, -0.0098642036318779, 0.9998573064804077]], [[0.9363080859184265, 0.2736545503139496, 0.22009176015853882], [-0.3049347698688507, 0.9443949460983276, 0.12301673740148544], [-0.17418943345546722, -0.18229520320892334, 0.9676914215087891]], [[0.9759401082992554, 0.005556083284318447, -0.21796815097332], [0.03311990201473236, 0.984297513961792, 0.17338256537914276], [0.215508833527565, -0.17643007636070251, 0.9604313969612122]], [[0.9993880391120911, -0.0334884375333786, -0.010106975212693214], [0.0328885093331337, 0.9979659914970398, -0.05460924282670021], [0.011915196664631367, 0.05424341931939125, 0.9984566569328308]], [[0.9410519599914551, -0.3266068994998932, 0.0880291610956192], [0.3310454189777374, 0.9427108764648438, -0.0412941612303257], [-0.06949909031391144, 0.06800160557031631, 0.9952616095542908]], [[0.9872315526008606, 0.10279545933008194, -0.12168342620134354], [-0.09149866551160812, 0.9912581443786621, 0.09505372494459152], [0.13039079308509827, -0.08270617574453354, 0.9880069494247437]], [[0.9950578808784485, -0.04337063059210777, 0.08932391554117203], [0.03503982350230217, 0.9950671792030334, 0.09280874580144882], [-0.09290847182273865, -0.08922018855810165, 0.9916691184043884]], [[0.9640382528305054, 0.2652822732925415, 0.015991464257240295], [-0.2647493779659271, 0.9638705849647522, -0.02934812195599079], [-0.023199239745736122, 0.024058977141976357, 0.9994414448738098]], [[0.9417283535003662, -0.32490766048431396, -0.087078757584095], [0.3191642761230469, 0.9448303580284119, -0.07368689030408859], [0.10621608793735504, 0.041600603610277176, 0.9934724569320679]], [[0.9894983768463135, 0.08233699947595596, 0.118800088763237], [-0.06946802884340286, 0.9916470050811768, -0.10867615789175034], [-0.12675580382347107, 0.09928209334611893, 0.9869529008865356]], [[0.6456422209739685, 0.758692741394043, -0.08678381145000458], [-0.7614985108375549, 0.6481655240058899, 0.0011874658521264791], [0.05715121328830719, 0.06531906127929688, 0.99622642993927]], [[0.5381024479866028, -0.7428589463233948, 0.3982542157173157], [0.8427892327308655, 0.4672864079475403, -0.2671136260032654], [0.01232895441353321, 0.479378879070282, 0.8775215148925781]], [[0.5983384847640991, 0.05654805526137352, -0.7992454767227173], [0.060447774827480316, 0.991477906703949, 0.11540180444717407], [0.7989600300788879, -0.11736194789409637, 0.5898211598396301]], [[0.3908828794956207, -0.10387473553419113, 0.9145602583885193], [0.22478489577770233, 0.9742991924285889, 0.014586796052753925], [-0.8925706148147583, 0.19987761974334717, 0.40418633818626404]], [[0.9542911648750305, -0.2377346158027649, -0.1811370700597763], [0.24770721793174744, 0.9682294726371765, 0.03424545377492905], [0.1672409325838089, -0.07754909247159958, 0.9828613996505737]], [[0.9414244890213013, -0.11243204772472382, 0.3179292380809784], [-0.027218086645007133, 0.9143742918968201, 0.4039539098739624], [-0.3361237049102783, -0.3889455199241638, 0.8577541708946228]]]]
global_orient: [[[2.9381072521209717, 0.04778903350234032, -0.9107331037521362]]]
globalorient_mat: [[[[0.8244256377220154, 0.048928193747997284, -0.5638514161109924], [0.010352148674428463, -0.9973931908607483, -0.07141255587339401], [-0.5658756494522095, 0.05303726717829704, -0.8227830529212952]]]]
transl: [[0.05982106924057007, 0.24051250517368317, 0.008150555193424225]]
expression: [[-0.7459402680397034, -0.21617820858955383, 0.02886733040213585, -0.04131004959344864, -0.19175510108470917, -0.5106079578399658, -0.1792002171278, 0.5100308656692505, 0.10055388510227203, 0.00101569970138371, 0.023831229656934738, 0.4450971782207489, 0.1511307954788208, -0.10919471830129623, 0.28499531745910645, -0.09444420039653778, -0.1209879145026207, 0.13553699851036072, -0.17745211720466614, -0.01367449015378952, -0.12973831593990326, 0.050582803785800934, -0.11489500105381012, 0.048310067504644394, -0.012463347986340523, 0.06737875193357468, -0.061701904982328415, 0.08109509944915771, -0.09885155409574509, -0.10070644319057465, -0.04546552151441574, -0.13236503303050995, -0.034074533730745316, -0.011555083096027374, 0.12231399863958359, -0.07490073889493942, 0.2074337899684906, -0.016608037054538727, 0.03885188326239586, 0.005617711693048477, -0.04568228870630264, 0.02616092935204506, -0.09447687119245529, 0.05843473598361015, 0.03708403557538986, -0.013140358030796051, -0.05384908616542816, 0.03588637337088585, -0.01640486903488636, 0.0010798077564686537]]
jaw_pose: [[[0.059462595731019974, 0.002914627082645893, 0.0016764802858233452]]]
left_hand_pose: [[[0.026540622115135193, 0.07348258793354034, -0.460514098405838], [0.17518453299999237, -0.06756696105003357, -0.6638996601104736], [-0.16893994808197021, -0.09387297183275223, -0.2091447114944458], [-0.21756400167942047, 0.02870069071650505, -0.812305748462677], [-0.15673887729644775, 0.016773506999015808, -1.0001822710037231], [0.03127968683838844, -0.13083884119987488, -0.5130223035812378], [-0.37279942631721497, -0.4820779263973236, -0.5943970680236816], [-0.7312996983528137, -0.17090050876140594, -0.7790781259536743], [-0.31602659821510315, -0.1320488303899765, -0.6101198196411133], [-0.17351669073104858, -0.22351288795471191, -0.8162927031517029], [-0.4527382254600525, -0.17789123952388763, -1.0874558687210083], [-0.17573712766170502, -0.1909080445766449, -0.6168661713600159], [0.797257661819458, 0.40348973870277405, -0.0221824012696743], [-0.48491427302360535, 0.016674276441335678, -0.13152894377708435], [0.6530492305755615, 0.08080635964870453, 0.0996343120932579]]]
right_hand_pose: [[[0.06434676051139832, -0.26160216331481934, 0.6800652146339417], [0.25696197152137756, 0.10517305880784988, 0.9931268095970154], [-0.27177995443344116, 0.21486622095108032, 0.33314839005470276], [-0.12896712124347687, -0.23204027116298676, 1.0284514427185059], [-0.2484535127878189, -0.04516071453690529, 0.771023690700531], [0.024531448259949684, 0.2001904845237732, 0.5329814553260803], [-0.4220656156539917, 0.23238898813724518, 0.9892300963401794], [-0.49466487765312195, 0.10006508231163025, 0.5654240250587463], [-0.3694527745246887, 0.11800838261842728, 0.3236940801143646], [-0.06376903504133224, 0.009100382216274738, 1.0793263912200928], [-0.4728739559650421, 0.15659423172473907, 0.7595744132995605], [-0.22132320702075958, 0.253300279378891, 0.5827612280845642], [0.8520485162734985, -0.27748095989227295, 0.002415111055597663], [-0.4955049455165863, -0.19222703576087952, 0.20164476335048676], [0.7706608772277832, -0.3063136041164398, 0.3575546443462372]]]
scale: [[1.0169262886047363]]
smpl_joints: [[0.06344462931156158, -0.1088341698050499, -0.021998640149831772], [0.11717060953378677, -0.013573672622442245, -0.005502945277839899], [0.01939227618277073, -0.0026025327388197184, -0.06470173597335815], [0.08271250873804092, -0.2187737226486206, -0.05302568897604942], [0.18693459033966064, 0.36775827407836914, 0.04865814372897148], [-0.1168055608868599, 0.3432679772377014, -0.04520316421985626], [0.09043120592832565, -0.35524094104766846, -0.04664475470781326], [0.21475492417812347, 0.7741994261741638, -0.026670418679714203], [-0.12883219122886658, 0.7629607915878296, -0.05529812350869179], [0.06516654044389725, -0.4088335335254669, -0.030993709340691566], [0.18225650489330292, 0.8423617482185364, 0.09629779309034348], [-0.2639070749282837, 0.7923653721809387, -0.018670884892344475], [0.05433844402432442, -0.5727421045303345, -0.04704315960407257], [0.09688900411128998, -0.4947977066040039, -0.00019363086903467774], [0.024263091385364532, -0.4913632869720459, -0.06191708892583847], [0.05287261679768562, -0.7303136587142944, -0.020866727456450462], [0.21177394688129425, -0.5235991477966309, 0.0655718743801117], [-0.056508976966142654, -0.5061483979225159, -0.14749905467033386], [0.2969857156276703, -0.2655746638774872, 0.042435985058546066], [-0.020600860938429832, -0.2451854944229126, -0.2442130744457245], [0.2549974024295807, -0.11823435872793198, 0.2548094093799591], [-0.00996346678584814, -0.07012670487165451, -0.05483098700642586], [0.17713052034378052, -0.046292491257190704, 0.33278483152389526], [0.06144438683986664, -0.06465309113264084, 0.05422092229127884]]
