betas: [[-0.040763337165117264, 0.2531804144382477, -0.5454649329185486, -0.48457005620002747, -0.9249536991119385, -0.09187445044517517, -0.45957937836647034, 0.08283064514398575, -0.37524378299713135, -0.32713645696640015, -0.6825729608535767, 0.4404665529727936, -0.3211495876312256, -0.4622300863265991, -0.244585320353508, -0.3296225666999817, 0.20919857919216156, -0.12001407891511917, -0.5650674104690552, 0.21257475018501282, 0.07553360611200333, -0.11502458155155182, -0.6510957479476929, -0.0037091593258082867, -0.10253635793924332, -0.29644089937210083, 0.2710765600204468, -0.027448488399386406, 0.30147191882133484, -0.0029491716995835304, -0.305480033159256, 0.17335569858551025, 0.028374170884490013, 0.523475706577301, -0.5445489287376404, 0.6576589941978455, -0.08036460727453232, 0.17601802945137024, -0.13875369727611542, 0.09216195344924927, 0.912554919719696, -0.15034984052181244, -0.6027820706367493, -0.3680436611175537, -0.3359757661819458, -0.39924341440200806, -0.19126397371292114, -0.35770997405052185, 0.680649995803833, 0.33326202630996704, -0.14895838499069214, 0.08064377307891846, -0.004976700060069561, -0.23480282723903656, -0.4502805769443512, -0.1222524642944336, -0.22048430144786835, -0.3253456652164459, -0.3244287073612213, 0.36005711555480957, 0.19794557988643646, 0.945688784122467, -0.2191578894853592, -0.10284405201673508, -0.40863487124443054, 0.1709817796945572, 0.5688085556030273, 0.11698996275663376, 0.5377892851829529, 0.3246091306209564, 0.007909520529210567, -0.24339477717876434, -0.5548350811004639, 0.016678517684340477, 0.4862305819988251, 0.06889621913433075, -0.21896393597126007, 0.006381172686815262, 0.19897016882896423, -0.08386409282684326, -0.10883896797895432, -0.06506115198135376, 0.035579800605773926, 0.17517037689685822, -0.28814393281936646, 0.554557204246521, -0.1484217792749405, -0.12310395389795303, -0.00818016566336155, -0.4795977771282196, -0.39590755105018616, -0.8812538385391235, -0.11364170163869858, 0.2164897918701172, 0.13727478682994843, -0.061023276299238205, 0.35456255078315735, 0.3556014597415924, 0.48922351002693176, -0.3348901867866516, 0.41418197751045227, -0.450152724981308, 0.5254027247428894, -0.18870355188846588, -0.12479192763566971, -0.04660242423415184, 0.2654130458831787, 0.36560723185539246, -0.12355029582977295, -0.13516704738140106, -0.19772906601428986, -0.5178222060203552, 0.020705610513687134, 0.24218250811100006, -0.1273154318332672, -0.0388033464550972, 0.29948991537094116, -0.40931740403175354, -0.3294638693332672, 0.09464635699987411, -0.1241362988948822, 0.017012692987918854, 0.2555922269821167, -0.5430294275283813, 0.03628433495759964, -0.20590713620185852, -0.07097355276346207, 0.32426556944847107, 0.15112344920635223, 0.04787128046154976, 0.1931610256433487, 0.28605329990386963, 0.14461109042167664, -0.14588384330272675, 0.09986504912376404, -0.1667906939983368, 0.23660516738891602, -0.08680414408445358, -0.22107446193695068, 0.051150184124708176, -0.4213326871395111, 0.30121639370918274, 0.02460549771785736, -0.004752793349325657, 0.06965605169534683, -0.469794899225235, 0.11581103503704071, -0.07498669624328613, -0.551447331905365, -0.16746440529823303, -0.17394354939460754, 0.021484948694705963, 0.3054359257221222, 0.12066006660461426, 0.08435036242008209, -0.4855819344520569, -0.12068662792444229, -0.1667846292257309, 0.05177797004580498, -0.15710559487342834, 0.08711671084165573, 0.01171255111694336, -0.5061054229736328, 0.19218286871910095, -0.10688051581382751, -0.13846471905708313, -0.12860095500946045, -0.1381681114435196, 0.08388315141201019, -0.1103135198354721, 0.4677792191505432, 0.03207584470510483, 0.315644770860672, -0.01855297200381756, -0.48471006751060486, -0.01453861128538847, 0.07657924294471741, 0.02165001817047596, 0.07269766926765442, -0.22192850708961487, -0.446929931640625, 0.20694281160831451, 0.3225483000278473, -0.3512738049030304, -0.39686909317970276, -0.2823180854320526, 0.31315791606903076, 0.08539741486310959, -0.0019968897104263306, 0.5661128163337708, -0.18801937997341156, 0.23878605663776398, 0.23490266501903534, -0.2636381983757019, 0.20798549056053162, 0.016681453213095665, 0.3568567633628845, -0.21022216975688934, -0.1199234277009964, -0.19304198026657104]]
body_pose: [[[-0.0061527034267783165, 0.07224473357200623, 0.10868086665868759], [-0.25286802649497986, -0.14712192118167877, -0.1265983283519745], [0.15630830824375153, -0.02729908563196659, 0.021592993289232254], [0.19508162140846252, -0.21210865676403046, -0.06347312033176422], [0.30871331691741943, -0.018223293125629425, 0.03008880466222763], [-0.026842089369893074, 0.008707473054528236, 0.016966070979833603], [-0.16019760072231293, 0.1811312735080719, -0.2615238130092621], [-0.16534212231636047, -0.25222620368003845, 0.04018481448292732], [0.0418432280421257, -0.007069979328662157, 0.01947859674692154], [0.13493113219738007, 0.1582980751991272, 0.31278499960899353], [-0.033855777233839035, -0.11623884737491608, 0.02241390012204647], [-0.0666557103395462, 0.08491062372922897, 0.04059451073408127], [0.034652214497327805, 0.037292253226041794, -0.28721559047698975], [0.021450486034154892, -0.08978316932916641, 0.3007252514362335], [0.1503286063671112, 0.0531211756169796, -0.07991481572389603], [0.03552985191345215, -0.10985585302114487, -0.8423464894294739], [0.446241170167923, 0.3137087821960449, 0.9044765830039978], [-0.15449835360050201, -0.9246007204055786, -0.02646103873848915], [0.06303825974464417, 1.1257071495056152, 0.21712017059326172], [-0.021761875599622726, -0.1881864368915558, 0.3023349344730377], [-0.17605702579021454, 0.18743348121643066, -0.027509495615959167]]]
bodypose_mat: [[[[0.9914966821670532, -0.1085938885807991, 0.07170552015304565], [0.10815002024173737, 0.9940836429595947, 0.010055444203317165], [-0.07237325608730316, -0.002214985666796565, 0.9973750710487366]], [[0.9813229441642761, 0.14290940761566162, -0.12877167761325836], [-0.10602092742919922, 0.9603527784347534, 0.2578413486480713], [0.16051419079303741, -0.23937314748764038, 0.9575676321983337]], [[0.999395489692688, -0.023629801347851753, -0.025498582050204277], [0.019371846690773964, 0.9875773191452026, -0.15593521296977997], [0.028866540640592575, 0.15534700453281403, 0.9874380826950073]], [[0.9756678938865662, 0.04201639071106911, -0.21519018709659576], [-0.08309552073478699, 0.9791094064712524, -0.18557988107204437], [0.2028973400592804, 0.19894565641880035, 0.9587770104408264]], [[0.9993862509727478, -0.03239733725786209, -0.013324328698217869], [0.026816673576831818, 0.9522811770439148, -0.3040419816970825], [0.022538654506206512, 0.3034980595111847, 0.9525654911994934]], [[0.9998182058334351, -0.017079858109354973, 0.00847821868956089], [0.016846152022480965, 0.9994959235191345, 0.02691110037267208], [-0.008933581411838531, -0.02676338143646717, 0.9996019601821899]], [[0.9499310851097107, 0.24167336523532867, 0.198052778840065], [-0.27038466930389404, 0.9534661173820496, 0.1333959996700287], [-0.15659835934638977, -0.18026745319366455, 0.9710718989372253]], [[0.9676344394683838, -0.018876241520047188, -0.25164929032325745], [0.0602591410279274, 0.9856349229812622, 0.15777407586574554], [0.2450561374425888, -0.16783177852630615, 0.9548717737197876]], [[0.9997852444648743, -0.019619405269622803, -0.006659960839897394], [0.01932363025844097, 0.9989350438117981, -0.041896868497133255], [0.007474860176444054, 0.0417591817677021, 0.999099612236023]], [[0.9392727613449097, -0.2949264645576477, 0.17545689642429352], [0.31603583693504333, 0.9426586031913757, -0.10731343179941177], [-0.13374638557434082, 0.15624724328517914, 0.9786208868026733]], [[0.9930018782615662, -0.02039211615920067, -0.11632430553436279], [0.0243225060403347, 0.9991766810417175, 0.032469261437654495], [0.1155664324760437, -0.03507133945822716, 0.9926803112030029]], [[0.995576024055481, -0.0433313362300396, 0.08337108790874481], [0.0376778282225132, 0.9969578981399536, 0.06822957843542099], [-0.08607394248247147, -0.06478649377822876, 0.9941800236701965]], [[0.9583548307418823, 0.28380152583122253, 0.03182452544569969], [-0.2825184166431427, 0.9584490060806274, -0.039480503648519516], [-0.04170681908726692, 0.02884531393647194, 0.9987133741378784]], [[0.9511564373970032, -0.2967450022697449, -0.0851108580827713], [0.2948349416255951, 0.9549255967140198, -0.0344875268638134], [0.09150854498147964, 0.007709378842264414, 0.9957744479179382]], [[0.9954081177711487, 0.08347409963607788, 0.046849191188812256], [-0.07550960779190063, 0.9855458736419678, -0.15164993703365326], [-0.0588308647274971, 0.14741599559783936, 0.9873234629631042]], [[0.6604099869728088, 0.7426296472549438, -0.11117490381002426], [-0.7463032603263855, 0.6654952764511108, 0.012146142311394215], [0.08300644904375076, 0.0749487578868866, 0.9937266707420349]], [[0.5828037858009338, -0.681711733341217, 0.44227683544158936], [0.8091612458229065, 0.5369559526443481, -0.23861320316791534], [-0.07481776922941208, 0.496938019990921, 0.8645546436309814]], [[0.6026540398597717, 0.08909064531326294, -0.7930138111114502], [0.043591633439064026, 0.988589346408844, 0.14419008791446686], [0.7968111038208008, -0.12146550416946411, 0.59189373254776]], [[0.41192033886909485, -0.14071117341518402, 0.9002898931503296], [0.20421241223812103, 0.9771297574043274, 0.059285152703523636], [-0.888042151927948, 0.1594296097755432, 0.43123459815979004]], [[0.9372594952583313, -0.2939353287220001, -0.18747420608997345], [0.2979874312877655, 0.954545259475708, -0.006844062823802233], [0.18096433579921722, -0.049450285732746124, 0.9822456240653992]], [[0.9821557402610779, 0.010796128772199154, 0.18775922060012817], [-0.043611593544483185, 0.9842118620872498, 0.17153726518154144], [-0.18294291198253632, -0.1766647845506668, 0.9671201705932617]]]]
global_orient: [[[2.9346020221710205, 0.05314433574676514, -0.915576696395874]]]
globalorient_mat: [[[[0.8222445249557495, 0.05290249362587929, -0.5666704177856445], [0.013016266748309135, -0.9971581101417542, -0.0742046907544136], [-0.5689855813980103, 0.05363846570253372, -0.8205963969230652]]]]
transl: [[0.058727361261844635, 0.24884271621704102, 0.027487950399518013]]
expression: [[-0.6001684665679932, -0.22582128643989563, 0.045789171010255814, -0.0188073068857193, -0.17833568155765533, -0.4762234389781952, -0.19179533421993256, 0.45567721128463745, 0.07849758863449097, 0.07827630639076233, -0.028796222060918808, 0.4701928496360779, 0.10796260088682175, -0.07105197757482529, 0.2808777689933777, -0.12125146389007568, -0.17357708513736725, 0.10025496035814285, -0.16541993618011475, 0.045552149415016174, -0.14093062281608582, 0.024825667962431908, -0.0995672345161438, 0.039327073842287064, -0.026637746021151543, 0.055960871279239655, -0.041635043919086456, 0.0743497759103775, -0.13308653235435486, -0.1075386106967926, -0.03092721290886402, -0.11025747656822205, 0.0005350591382011771, -0.025472160428762436, 0.11771786957979202, -0.0660400539636612, 0.20461289584636688, -0.025586511939764023, 0.06830623745918274, 0.048931170254945755, -0.03808107227087021, 0.002494681626558304, -0.10958308726549149, 0.06917104870080948, 0.033999472856521606, 0.016176022589206696, -0.056396253407001495, 0.042576346546411514, -0.05351454019546509, -0.011320347897708416]]
jaw_pose: [[[0.04364682734012604, 0.0025035645812749863, 0.00883855577558279]]]
left_hand_pose: [[[0.03515811637043953, 0.06531015783548355, -0.47380951046943665], [0.1629767268896103, -0.07085760682821274, -0.549249529838562], [-0.1770823746919632, -0.07821372151374817, -0.1582060605287552], [-0.23656897246837616, 0.012530066072940826, -0.8472166061401367], [-0.12201409041881561, 0.015950994566082954, -0.921639084815979], [0.045256320387125015, -0.12095559388399124, -0.4657251834869385], [-0.39448660612106323, -0.5056772828102112, -0.5880817174911499], [-0.6254072189331055, -0.1468239575624466, -0.7042979598045349], [-0.30979904532432556, -0.10818836092948914, -0.5986040234565735], [-0.1713257133960724, -0.238648921251297, -0.8386031985282898], [-0.4253387153148651, -0.18669132888317108, -0.99173903465271], [-0.16519445180892944, -0.158389613032341, -0.5793532133102417], [0.8400945663452148, 0.46933579444885254, -0.048679910600185394], [-0.4881179630756378, 0.019546007737517357, -0.11110488325357437], [0.6618635058403015, 0.04322553798556328, 0.14759154617786407]]]
right_hand_pose: [[[0.10949600487947464, -0.20424050092697144, 0.5246480107307434], [0.20628845691680908, 0.0656471699476242, 0.773429274559021], [-0.1508525162935257, 0.08917061239480972, 0.13506905734539032], [-0.04384731501340866, -0.1354588121175766, 0.8082358241081238], [-0.22244477272033691, -0.07222753763198853, 0.5017951726913452], [-0.00880110077559948, 0.09259690344333649, 0.26143190264701843], [-0.2852461636066437, 0.2045615017414093, 0.7676756381988525], [-0.33129218220710754, 0.040759820491075516, 0.4102681577205658], [-0.31198686361312866, 0.09166955947875977, 0.03387926518917084], [-0.010133057832717896, 0.012504780665040016, 0.8597790598869324], [-0.3658599257469177, 0.05089634284377098, 0.4767637848854065], [-0.19019906222820282, 0.19564245641231537, 0.3215445578098297], [0.8567618131637573, -0.2632744014263153, 0.012584391050040722], [-0.49968069791793823, -0.22159938514232635, 0.17290504276752472], [0.6620456576347351, -0.2514398694038391, 0.2892642319202423]]]
scale: [[1.0084137916564941]]
smpl_joints: [[0.06298322230577469, -0.09964337944984436, -0.04102427884936333], [0.11570093035697937, -0.005407644901424646, -0.02469710074365139], [0.019428372383117676, 0.005021147429943085, -0.08354508131742477], [0.08228166401386261, -0.2080739140510559, -0.07126247137784958], [0.1813707947731018, 0.3690173625946045, 0.042107921093702316], [-0.11507335305213928, 0.3461576998233795, -0.06540222465991974], [0.08753350377082825, -0.34351208806037903, -0.0645752102136612], [0.21131713688373566, 0.767811119556427, -0.03699895739555359], [-0.12367194145917892, 0.7590572237968445, -0.0816953182220459], [0.06178703159093857, -0.3961687386035919, -0.04988643899559975], [0.17681679129600525, 0.834827184677124, 0.08363950252532959], [-0.2564379572868347, 0.7929579019546509, -0.04829378426074982], [0.051805853843688965, -0.5577037334442139, -0.06892231851816177], [0.09370046108961105, -0.48147812485694885, -0.021368512883782387], [0.02165341190993786, -0.4772035479545593, -0.08181432634592056], [0.04857954755425453, -0.7149627804756165, -0.04306643456220627], [0.20905180275440216, -0.5082336068153381, 0.04123246669769287], [-0.058513179421424866, -0.4926021993160248, -0.16593322157859802], [0.29191136360168457, -0.2525912821292877, 0.02586311474442482], [-0.06558376550674438, -0.22772882878780365, -0.24691720306873322], [0.24793918430805206, -0.10976093262434006, 0.23650912940502167], [-0.07154145836830139, -0.061951179057359695, -0.05375584587454796], [0.17214320600032806, -0.04017249867320061, 0.32098862528800964], [0.0014894790947437286, 0.009333297610282898, 0.06717853248119354]]
