betas: [[-0.05536438524723053, 0.2860885262489319, -0.5464374423027039, -0.46997424960136414, -0.921135425567627, -0.10009336471557617, -0.4589870572090149, 0.07216635346412659, -0.3718903064727783, -0.3194890320301056, -0.6545519232749939, 0.4279000461101532, -0.2521398067474365, -0.48515585064888, -0.25100013613700867, -0.3437458872795105, 0.2087109088897705, -0.19951628148555756, -0.5750393271446228, 0.20983798801898956, 0.16804727911949158, -0.07651907950639725, -0.6209203004837036, 0.00786756630986929, -0.08360800892114639, -0.2846492528915405, 0.28532710671424866, -0.0025162820238620043, 0.2874470055103302, 0.0851084440946579, -0.2774698734283447, 0.13777127861976624, -0.09247859567403793, 0.46702396869659424, -0.5649317502975464, 0.6351796388626099, -0.11492543667554855, 0.1289571225643158, -0.15661947429180145, 0.15630732476711273, 0.9049827456474304, -0.17520947754383087, -0.5743577480316162, -0.2883163094520569, -0.28478139638900757, -0.36828741431236267, -0.16544939577579498, -0.35818788409233093, 0.6895657181739807, 0.35466906428337097, -0.15988321602344513, 0.08868511766195297, -0.01993216760456562, -0.18877343833446503, -0.43440690636634827, -0.09529214352369308, -0.22363202273845673, -0.40153083205223083, -0.3051990568637848, 0.3618164360523224, 0.08933354914188385, 0.9733147621154785, -0.20040766894817352, -0.061311300843954086, -0.40972277522087097, 0.10741045325994492, 0.6150383353233337, 0.100013367831707, 0.5358452200889587, 0.33517730236053467, 0.06523364782333374, -0.2760823965072632, -0.5712528824806213, 0.0581602118909359, 0.468810111284256, 0.03910849615931511, -0.1982179433107376, 0.013188871555030346, 0.2756683826446533, -0.031116819009184837, -0.10623929649591446, -0.09780284762382507, 0.00519254757091403, 0.04600152373313904, -0.3209289610385895, 0.4926476776599884, -0.1775323897600174, -0.10979592055082321, -0.011614036746323109, -0.4459833800792694, -0.3618908226490021, -0.8527228832244873, -0.07629911601543427, 0.21436507999897003, 0.08530840277671814, -0.04701874405145645, 0.31106093525886536, 0.3910880386829376, 0.5184746384620667, -0.4143959581851959, 0.4238486588001251, -0.38656073808670044, 0.4913119375705719, -0.1831195205450058, -0.09697163850069046, -0.025662671774625778, 0.29147055745124817, 0.28349509835243225, -0.11398304253816605, -0.15221862494945526, -0.19409652054309845, -0.5337561964988708, 0.024771545082330704, 0.2602154016494751, -0.13835275173187256, -0.015899812802672386, 0.30860546231269836, -0.3159695267677307, -0.3754129111766815, 0.02436876855790615, -0.13449330627918243, -0.05005880817770958, 0.2183389812707901, -0.5489474534988403, -0.005279931239783764, -0.20495375990867615, -0.07331881672143936, 0.28685399889945984, 0.15236276388168335, -0.007834185846149921, 0.24236813187599182, 0.21462176740169525, 0.1682804524898529, -0.1454104483127594, 0.13471972942352295, -0.17737215757369995, 0.2373233139514923, -0.07616191357374191, -0.2112993746995926, 0.1691342145204544, -0.42310819029808044, 0.3601509928703308, 0.06343229115009308, -0.04934900254011154, 0.1707366704940796, -0.4377153813838959, 0.12388918548822403, -0.05511579290032387, -0.4436601400375366, -0.12678825855255127, -0.17172116041183472, -0.0006438259151764214, 0.2985975444316864, 0.170020192861557, 0.2434212863445282, -0.5053116083145142, -0.14394748210906982, -0.19099928438663483, 0.10577912628650665, -0.2025996595621109, 0.08452204614877701, 0.015003279782831669, -0.5465840697288513, 0.19973814487457275, -0.10493306070566177, -0.05725689232349396, -0.11717160791158676, -0.12518683075904846, 0.1120334342122078, -0.10583212971687317, 0.4631628096103668, -0.007978237234055996, 0.32522785663604736, -0.08913550525903702, -0.40528616309165955, 0.057937100529670715, 0.060240790247917175, 0.015698548406362534, 0.10148147493600845, -0.10028976947069168, -0.42929553985595703, 0.15683330595493317, 0.3142061233520508, -0.3648572266101837, -0.40219709277153015, -0.22319799661636353, 0.2754954993724823, 0.08931542932987213, 0.005045754369348288, 0.531542956829071, -0.21668791770935059, 0.2221541553735733, 0.1831330806016922, -0.3325592875480652, 0.15834419429302216, 0.04539952054619789, 0.3914896249771118, -0.1937643587589264, -0.0886530727148056, -0.17247943580150604]]
body_pose: [[[0.0005988753982819617, 0.08760261535644531, 0.1057804524898529], [-0.26242101192474365, -0.1293216198682785, -0.12298980355262756], [0.15062707662582397, -0.03562186285853386, 0.015379446558654308], [0.22234833240509033, -0.19522690773010254, -0.08426696807146072], [0.3025955855846405, -0.011895410716533661, 0.027849214151501656], [-0.030095165595412254, -0.002157967770472169, 0.01103267539292574], [-0.20580090582370758, 0.1757694035768509, -0.21811223030090332], [-0.16227425634860992, -0.26780715584754944, -0.002454565605148673], [0.04788484051823616, -0.01533186249434948, 0.0174097940325737], [0.1051369234919548, 0.1371121108531952, 0.2456064522266388], [0.03822274133563042, -0.12996602058410645, -0.024251220747828484], [-0.058050405234098434, 0.07468606531620026, 0.030411794781684875], [0.04987657815217972, 0.03359568491578102, -0.26544201374053955], [0.07112014293670654, -0.10815408825874329, 0.2959795892238617], [0.1528809368610382, 0.05069158971309662, -0.07264527678489685], [0.04328291490674019, -0.11833898723125458, -0.8322381973266602], [0.48422902822494507, 0.26914212107658386, 0.8702700138092041], [-0.16889002919197083, -0.9226137399673462, -0.039224784821271896], [0.13246488571166992, 1.052140474319458, 0.17578253149986267], [-0.025436842814087868, -0.1554414927959442, 0.3093472719192505], [-0.167555570602417, 0.34615644812583923, 0.003246638458222151]]]
bodypose_mat: [[[[0.9905829429626465, -0.1054220125079155, 0.08735908567905426], [0.10547437518835068, 0.9944139122962952, 0.004029049538075924], [-0.08729583024978638, 0.005223038140684366, 0.9961687922477722]], [[0.9842079877853394, 0.13776209950447083, -0.11115916818380356], [-0.1041092798113823, 0.9583556056022644, 0.2659243047237396], [0.14316430687904358, -0.2501520812511444, 0.957563579082489]], [[0.9992488622665405, -0.017994916066527367, -0.034322451800107956], [0.012640098109841347, 0.9885605573654175, -0.15029381215572357], [0.03663434460759163, 0.1497470587491989, 0.9880454540252686]], [[0.9775705337524414, 0.06141035631299019, -0.20145629346370697], [-0.1044774129986763, 0.9719524383544922, -0.21069630980491638], [0.18286700546741486, 0.22701813280582428, 0.9565680623054504]], [[0.9995449185371399, -0.029207868501544, -0.007531754672527313], [0.025636013597249985, 0.954184889793396, -0.29811739921569824], [0.015894057229161263, 0.29778867959976196, 0.9544994235038757]], [[0.9999367594718933, -0.010998309589922428, -0.0023235974367707968], [0.011063246987760067, 0.9994863271713257, 0.030078087002038956], [0.0019915958400815725, -0.030101895332336426, 0.9995447993278503]], [[0.9611595273017883, 0.19584117829799652, 0.19447003304958344], [-0.2316519320011139, 0.9554874300956726, 0.18270514905452728], [-0.15003247559070587, -0.22065815329551697, 0.9637428522109985]], [[0.9644287824630737, 0.023966772481799126, -0.26325422525405884], [0.01913747936487198, 0.9869378209114075, 0.15996114909648895], [0.2636492848396301, -0.15930914878845215, 0.9513725638389587]], [[0.9997310042381287, -0.017768576741218567, -0.014907892793416977], [0.017034582793712616, 0.9987022280693054, -0.0479956790804863], [0.015741363167762756, 0.04772881418466568, 0.9987362623214722]], [[0.9607353210449219, -0.23477798700332642, 0.1478751003742218], [0.24908551573753357, 0.9645792245864868, -0.08685223013162613], [-0.12224626541137695, 0.12027554214000702, 0.9851851463317871]], [[0.9912741780281067, 0.021694829687476158, -0.13001887500286102], [-0.026654649525880814, 0.9989770650863647, -0.03652876615524292], [0.12909339368343353, 0.039675626903772354, 0.9908384084701538]], [[0.9967512488365173, -0.032527778297662735, 0.07368125766515732], [0.028195781633257866, 0.9978544116020203, 0.05908966809511185], [-0.07544521987438202, -0.05682019889354706, 0.9955297708511353]], [[0.9644263386726379, 0.2630096673965454, 0.026603538542985916], [-0.2613443434238434, 0.9637510180473328, -0.053694479167461395], [-0.03976135328412056, 0.04483168572187424, 0.9982029795646667]], [[0.9507796764373779, -0.294670969247818, -0.09584888815879822], [0.2870456576347351, 0.9540705680847168, -0.0857565626502037], [0.11671655625104904, 0.05402258783578873, 0.9916949272155762]], [[0.9960867762565613, 0.07613269984722137, 0.04488963633775711], [-0.06840306520462036, 0.9857122898101807, -0.1539231687784195], [-0.055966850370168686, 0.15025022625923157, 0.9870626926422119]], [[0.6670613288879395, 0.7349748611450195, -0.12182417511940002], [-0.7398015260696411, 0.672776997089386, 0.00805355329066515], [0.08787965029478073, 0.08475349843502045, 0.9925190210342407]], [[0.6206133365631104, -0.6643252968788147, 0.4165465235710144], [0.7834953665733337, 0.5465287566184998, -0.29570481181144714], [-0.03121047280728817, 0.5098806023597717, 0.8596788048744202]], [[0.6040303111076355, 0.10606592893600464, -0.7898717522621155], [0.038641802966594696, 0.9860407114028931, 0.16195812821388245], [0.7960240244865417, -0.1283496767282486, 0.591499924659729]], [[0.48376619815826416, -0.0806049183011055, 0.8714776039123535], [0.20706316828727722, 0.9780212044715881, -0.02448352798819542], [-0.850350022315979, 0.19229520857334137, 0.4898239076137543]], [[0.9406704902648926, -0.30121442675590515, -0.15623340010643005], [0.3051288425922394, 0.9523104429244995, 0.0011268041562289], [0.1484432816505432, -0.04873126372694969, 0.9877195358276367]], [[0.9408174157142639, -0.031811729073524475, 0.3374173641204834], [-0.025477342307567596, 0.9861294627189636, 0.16401052474975586], [-0.33795469999313354, -0.16290047764778137, 0.9269573092460632]]]]
global_orient: [[[2.9398961067199707, 0.046617306768894196, -0.8961156606674194]]]
globalorient_mat: [[[[0.8297511339187622, 0.04872920364141464, -0.5560021996498108], [0.009225873276591301, -0.9972427487373352, -0.07363219559192657], [-0.5580572485923767, 0.05596679449081421, -0.8279128670692444]]]]
transl: [[0.052582863718271255, 0.25169944763183594, -0.0032715857960283756]]
expression: [[-0.597862184047699, -0.14381062984466553, 0.015969734638929367, -0.0026139169931411743, -0.18958745896816254, -0.45540282130241394, -0.15376099944114685, 0.45731374621391296, 0.08376340568065643, -0.011035953648388386, 0.0025193728506565094, 0.3713575601577759, 0.10667257755994797, -0.05440611392259598, 0.24964196979999542, -0.09081505239009857, -0.10241623222827911, 0.10470706969499588, -0.14974409341812134, -0.002324748784303665, -0.1299189180135727, 0.031719885766506195, -0.097883440554142, 0.03894241526722908, -0.012494498863816261, 0.05081532150506973, -0.05741169676184654, 0.06907919049263, -0.10548637062311172, -0.08518999814987183, -0.025152811780571938, -0.12618453800678253, -0.023451171815395355, -0.013548053801059723, 0.11845847964286804, -0.05334743857383728, 0.20498046278953552, -0.010567642748355865, 0.05137075111269951, -0.003113754093647003, -0.06048986315727234, 0.024068210273981094, -0.09673101454973221, 0.05560840666294098, 0.03584770858287811, 0.0019000619649887085, -0.04835900664329529, 0.0344097800552845, -0.031890615820884705, -0.005955222062766552]]
jaw_pose: [[[0.04380981624126434, 0.0025162012316286564, 0.008957586251199245]]]
left_hand_pose: [[[0.022478127852082253, 0.08209526538848877, -0.45584163069725037], [0.1569332778453827, -0.06429755687713623, -0.6451233625411987], [-0.14323219656944275, -0.08067837357521057, -0.1847912222146988], [-0.22449623048305511, 0.026447098702192307, -0.8249427676200867], [-0.1377848982810974, 0.021908102557063103, -0.9741771221160889], [0.02476886846125126, -0.1208396703004837, -0.46869972348213196], [-0.34650540351867676, -0.46150216460227966, -0.5706183910369873], [-0.6463335156440735, -0.13158687949180603, -0.7238315343856812], [-0.32024911046028137, -0.10044685006141663, -0.556321382522583], [-0.1533394604921341, -0.2078498899936676, -0.8178027868270874], [-0.4267561137676239, -0.1735948771238327, -0.9956874847412109], [-0.17690622806549072, -0.1505879908800125, -0.5557278394699097], [0.7741860747337341, 0.41345682740211487, -0.02239619567990303], [-0.47791773080825806, 0.04307643696665764, -0.1116936057806015], [0.6360945105552673, 0.04842779040336609, 0.10661009699106216]]]
right_hand_pose: [[[0.11247748136520386, -0.18425369262695312, 0.467047780752182], [0.17758579552173615, 0.07062958180904388, 0.7136144042015076], [-0.13002972304821014, 0.07240196317434311, 0.1318812370300293], [-0.007196622435003519, -0.11950064450502396, 0.6942086815834045], [-0.20714420080184937, -0.07030720263719559, 0.4271049201488495], [-0.00636156415566802, 0.07574459910392761, 0.21938244998455048], [-0.22438588738441467, 0.2177557647228241, 0.6313180327415466], [-0.24710039794445038, 0.0176375862210989, 0.3588881194591522], [-0.28547272086143494, 0.09712541103363037, -0.002755346242338419], [0.021294157952070236, 0.010504530742764473, 0.7288818955421448], [-0.3085956573486328, 0.03827106952667236, 0.38050875067710876], [-0.16433683037757874, 0.17081786692142487, 0.25292396545410156], [0.7767189145088196, -0.22672408819198608, 0.008991855196654797], [-0.5072240829467773, -0.19590909779071808, 0.1301635056734085], [0.5850496888160706, -0.19141313433647156, 0.2272554337978363]]]
scale: [[1.0218840837478638]]
smpl_joints: [[0.05627846345305443, -0.09753425419330597, -0.009904908947646618], [0.11036603152751923, -0.002185659948736429, 0.0063031879253685474], [0.011741206981241703, 0.008811390958726406, -0.052287861704826355], [0.0751744955778122, -0.20743772387504578, -0.04116610437631607], [0.1799352914094925, 0.37681981921195984, 0.06981831789016724], [-0.12430071830749512, 0.3535504639148712, -0.02678106352686882], [0.08123337477445602, -0.3442581295967102, -0.03475359082221985], [0.20679663121700287, 0.7768396139144897, -0.027494536712765694], [-0.13673058152198792, 0.7714210152626038, -0.03884926438331604], [0.055667098611593246, -0.397857666015625, -0.02003050409257412], [0.17806388437747955, 0.8420694470405579, 0.0976642444729805], [-0.27157092094421387, 0.8022153377532959, -0.0034102466888725758], [0.0475805290043354, -0.5618377923965454, -0.038758065551519394], [0.08862078934907913, -0.4838307499885559, 0.00962809007614851], [0.01633891835808754, -0.48059558868408203, -0.05269503593444824], [0.046018652617931366, -0.72025465965271, -0.009600660763680935], [0.2038113921880722, -0.512401282787323, 0.07571091502904892], [-0.06341087818145752, -0.4990033209323883, -0.13886190950870514], [0.2939417362213135, -0.2554246783256531, 0.0628405287861824], [-0.06548713147640228, -0.24176084995269775, -0.2509891986846924], [0.24537453055381775, -0.10861683636903763, 0.27339646220207214], [-0.07311974465847015, -0.03921786695718765, -0.09209714084863663], [0.17094437777996063, -0.034374382346868515, 0.35548385977745056], [-0.0005414127954281867, 0.04951353371143341, 0.03249231353402138]]
