betas: [[-0.06416231393814087, 0.314719557762146, -0.5459446907043457, -0.49639976024627686, -0.8921576738357544, -0.10234711319208145, -0.44265297055244446, 0.07034030556678772, -0.38927167654037476, -0.29240649938583374, -0.6756624579429626, 0.4245334565639496, -0.2894178628921509, -0.4430897533893585, -0.29642805457115173, -0.31838709115982056, 0.2298199087381363, -0.19334836304187775, -0.5965626239776611, 0.1883023977279663, 0.16599991917610168, -0.04464176297187805, -0.7047295570373535, 0.006074911914765835, -0.05233297869563103, -0.180137500166893, 0.24099060893058777, -0.026313185691833496, 0.26500561833381653, -0.04672045633196831, -0.2433578073978424, 0.15377581119537354, -0.03197427839040756, 0.5225503444671631, -0.4540475010871887, 0.6701290607452393, -0.05377841740846634, 0.12673361599445343, -0.08643478155136108, 0.16950425505638123, 0.8910118341445923, -0.29574015736579895, -0.5767426490783691, -0.3183543384075165, -0.348957359790802, -0.3259565532207489, -0.22244133055210114, -0.29731300473213196, 0.6218982338905334, 0.28733935952186584, -0.16262947022914886, -0.0016666396986693144, -0.08203911036252975, -0.16759170591831207, -0.3889319896697998, -0.11708462983369827, -0.19719354808330536, -0.4168652594089508, -0.3483034074306488, 0.3322391211986542, 0.135325089097023, 0.9456696510314941, -0.14309994876384735, -0.04070550203323364, -0.36264750361442566, 0.08103374391794205, 0.561967134475708, 0.06527400016784668, 0.5115297436714172, 0.30699440836906433, 0.00222165510058403, -0.28008490800857544, -0.5379088521003723, -0.012075845152139664, 0.43072283267974854, 0.03593969717621803, -0.21919605135917664, 0.06625626981258392, 0.3187790513038635, -0.07299467921257019, -0.11968324333429337, -0.1382157951593399, 0.001076317741535604, 0.09131012111902237, -0.3778326213359833, 0.5555953979492188, -0.13270117342472076, -0.16613197326660156, -0.03631826117634773, -0.476187527179718, -0.4269791841506958, -0.8344338536262512, -0.02158946357667446, 0.2082773745059967, 0.1872958242893219, -0.0012958701699972153, 0.31214088201522827, 0.3500388264656067, 0.5374546647071838, -0.34976351261138916, 0.3487151265144348, -0.3873407542705536, 0.4991494119167328, -0.19064347445964813, -0.05736144259572029, -0.025493290275335312, 0.20727913081645966, 0.3014897108078003, -0.19476290047168732, -0.1518482118844986, -0.17178937792778015, -0.5131950378417969, -0.04608256369829178, 0.27516186237335205, -0.05925104394555092, -0.06136849895119667, 0.29140183329582214, -0.32806476950645447, -0.3492896556854248, 0.044173263013362885, -0.10733916610479355, -0.007023186888545752, 0.1848244071006775, -0.5576571226119995, 0.05737246945500374, -0.16719435155391693, -0.06189544498920441, 0.25309649109840393, 0.15540841221809387, -0.041194312274456024, 0.21773876249790192, 0.1784498393535614, 0.14458081126213074, -0.22721318900585175, 0.09656365215778351, -0.19480441510677338, 0.2424052208662033, 0.038154881447553635, -0.2053953856229782, 0.24660107493400574, -0.4309091866016388, 0.3010943830013275, 0.09745293110609055, -0.008152084425091743, 0.14937391877174377, -0.46547839045524597, 0.13747437298297882, -0.019824279472231865, -0.4746854305267334, -0.1781899631023407, -0.216549813747406, -0.01629709079861641, 0.31290382146835327, 0.19280757009983063, 0.27373746037483215, -0.49533897638320923, -0.12009910494089127, -0.20593096315860748, 0.11013098061084747, -0.17026430368423462, 0.014121021144092083, 0.014042739756405354, -0.3974095284938812, 0.04306942969560623, -0.023276006802916527, -0.13028301298618317, -0.1462889313697815, -0.12847933173179626, 0.14150254428386688, -0.08919978886842728, 0.45213451981544495, 0.009715854190289974, 0.18871334195137024, -0.010271362029016018, -0.39317816495895386, 0.05502277985215187, 0.06855440884828568, 0.04910416901111603, 0.07643791288137436, -0.10691891610622406, -0.4609874486923218, 0.15850313007831573, 0.3662789463996887, -0.3782447874546051, -0.34560665488243103, -0.2875089645385742, 0.33774375915527344, 0.1015421599149704, 0.009400992654263973, 0.4626452624797821, -0.3065478503704071, 0.15419414639472961, 0.12114384770393372, -0.27442777156829834, 0.10534195601940155, 0.035225704312324524, 0.38743919134140015, -0.14731918275356293, -0.150018110871315, -0.14966563880443573]]
body_pose: [[[-0.006288043688982725, 0.07329126447439194, 0.11625481396913528], [-0.2640864849090576, -0.12783561646938324, -0.11281926184892654], [0.15661638975143433, -0.029620667919516563, 0.012850683182477951], [0.25094905495643616, -0.17645131051540375, -0.12096022814512253], [0.28662875294685364, -0.015465115197002888, 0.03174809738993645], [-0.03779730573296547, 0.0027155198622494936, 0.01135101169347763], [-0.19224153459072113, 0.14961786568164825, -0.17569388449192047], [-0.17616869509220123, -0.2396239936351776, 0.043460942804813385], [0.04591365531086922, -0.005412211176007986, 0.015914620831608772], [0.06575372070074081, 0.12313791364431381, 0.1728208363056183], [0.04822719469666481, -0.0890725627541542, -0.023766769096255302], [-0.06948062777519226, 0.1509641408920288, 0.04128965735435486], [0.057702530175447464, 0.04102233797311783, -0.2754266858100891], [0.08036266267299652, -0.13951198756694794, 0.2926566004753113], [0.08375154435634613, 0.12856799364089966, -0.07798826694488525], [0.047104280441999435, -0.11835997551679611, -0.8303541541099548], [0.45488792657852173, 0.27122533321380615, 0.8890554904937744], [-0.21461673080921173, -0.9455931186676025, -0.05772269517183304], [0.10362900048494339, 1.1108019351959229, 0.1716039627790451], [-0.008075953461229801, -0.16383300721645355, 0.31102150678634644], [-0.1272665411233902, 0.21149015426635742, 0.021021557971835136]]]
bodypose_mat: [[[[0.9905714392662048, -0.11611852049827576, 0.07269535958766937], [0.11565838009119034, 0.993233323097229, 0.010521743446588516], [-0.07342521846294403, -0.0020147114992141724, 0.9972986578941345]], [[0.9855841398239136, 0.1277117282152176, -0.11096595227718353], [-0.09422914683818817, 0.9591034650802612, 0.26691073179244995], [0.14051547646522522, -0.2526068091392517, 0.9573113322257996]], [[0.9994798302650452, -0.015110591426491737, -0.028490422293543816], [0.01048138178884983, 0.9876794219017029, -0.15613968670368195], [0.030498763546347618, 0.15575985610485077, 0.987324059009552]], [[0.9773234128952026, 0.09683963656425476, -0.18831108510494232], [-0.14072011411190033, 0.9615469574928284, -0.23585017025470734], [0.15823030471801758, 0.25700104236602783, 0.9533696174621582]], [[0.9993808269500732, -0.03350963070988655, -0.010732615366578102], [0.029107611626386642, 0.958706259727478, -0.28290486335754395], [0.019769461825489998, 0.28241726756095886, 0.9590880274772644]], [[0.9999319314956665, -0.011399365030229092, 0.002500321250408888], [0.011296737939119339, 0.9992214441299438, 0.037802860140800476], [-0.00292930263094604, -0.037772037088871, 0.99928218126297]], [[0.9735726714134216, 0.15879060328006744, 0.16413971781730652], [-0.18733780086040497, 0.9663415551185608, 0.1763191968202591], [-0.13061721622943878, -0.20240911841392517, 0.9705511927604675]], [[0.9705683588981628, -0.021860796958208084, -0.23983165621757507], [0.06375817209482193, 0.9836614727973938, 0.16835995018482208], [0.23223266005516052, -0.17869606614112854, 0.9561045169830322]], [[0.9998586773872375, -0.016032500192523003, -0.0050447783432900906], [0.015784062445163727, 0.9988195300102234, -0.04593842104077339], [0.005775331985205412, 0.045852307230234146, 0.9989314079284668]], [[0.9775775074958801, -0.16737103462219238, 0.12778601050376892], [0.17543454468250275, 0.9829748868942261, -0.05461747571825981], [-0.11646906286478043, 0.07581089437007904, 0.9902967810630798]], [[0.9957544803619385, 0.021577993407845497, -0.08948454260826111], [-0.025869833305478096, 0.9985560178756714, -0.04708270728588104], [0.08833936601877213, 0.049197763204574585, 0.9948748350143433]], [[0.98778235912323, -0.046319905668497086, 0.14879652857780457], [0.03585642948746681, 0.996741771697998, 0.07225058227777481], [-0.15165835618972778, -0.0660325437784195, 0.9862248301506042]], [[0.9614892601966858, 0.2729048430919647, 0.032578639686107635], [-0.27055367827415466, 0.9606713652610779, -0.06253926455974579], [-0.04836463928222656, 0.05131656304001808, 0.9975106120109558]], [[0.9479310512542725, -0.29279884696006775, -0.12528182566165924], [0.28169113397598267, 0.9543735384941101, -0.09910210222005844], [0.14858263731002808, 0.05865117907524109, 0.9871591329574585]], [[0.9887219667434692, 0.08297435939311981, 0.12467633187770844], [-0.07223314791917801, 0.9934678673744202, -0.08833964914083481], [-0.13119186460971832, 0.07833758741617203, 0.9882569909095764]], [[0.6684572100639343, 0.7334498763084412, -0.12335483729839325], [-0.7387048602104187, 0.6740136742591858, 0.004561399109661579], [0.08648839592933655, 0.08807370811700821, 0.992352306842804]], [[0.6052101850509644, -0.6822801232337952, 0.41013944149017334], [0.7950323820114136, 0.5442725419998169, -0.2677513360977173], [-0.0405462346971035, 0.48812004923820496, 0.8718340992927551]], [[0.5854532718658447, 0.14280255138874054, -0.7980300188064575], [0.044674210250377655, 0.9771856665611267, 0.20763538777828217], [0.8094742894172668, -0.15721218287944794, 0.5657169818878174]], [[0.43261638283729553, -0.08571835607290268, 0.8974938988685608], [0.18911543488502502, 0.9819512963294983, 0.0026259988080710173], [-0.8815205097198486, 0.16859391331672668, 0.44101887941360474]], [[0.938846230506897, -0.30399706959724426, -0.16172075271606445], [0.305306613445282, 0.9520968198776245, -0.017305804416537285], [0.15923473238945007, -0.03312692418694496, 0.9866847991943359]], [[0.977530300617218, -0.034196339547634125, 0.20800285041332245], [0.007418082561343908, 0.9917230606079102, 0.12818044424057007], [-0.2106645554304123, -0.12375728040933609, 0.9696930050849915]]]]
global_orient: [[[2.9452972412109375, 0.04230731353163719, -0.9028352499008179]]]
globalorient_mat: [[[[0.828028678894043, 0.04401955381035805, -0.5589551329612732], [0.0084444060921669, -0.997779369354248, -0.06606897711753845], [-0.5606222152709961, 0.049986958503723145, -0.8265616297721863]]]]
transl: [[0.04811251908540726, 0.2548024356365204, 0.055131345987319946]]
expression: [[-0.7660825848579407, -0.16973549127578735, 0.04644916579127312, -0.03393726050853729, -0.32530122995376587, -0.5856984853744507, -0.11513790488243103, 0.4787970781326294, 0.18387526273727417, -0.06430952996015549, 0.0763145238161087, 0.446433424949646, 0.14509537816047668, -0.14453816413879395, 0.3649393320083618, -0.12415464222431183, -0.15998663008213043, 0.14145228266716003, -0.1762612760066986, 0.012301910668611526, -0.11636927723884583, 0.0018034782260656357, -0.09370537102222443, 0.022879309952259064, -0.038762178272008896, 0.07677074521780014, -0.061902228742837906, 0.11185531318187714, -0.07628083974123001, -0.08880928158760071, -0.046569474041461945, -0.15131527185440063, -0.006285716313868761, -0.006762292236089706, 0.15046021342277527, -0.06836467236280441, 0.21040116250514984, -0.010312974452972412, 0.029492555186152458, -0.02174464240670204, -0.05919913202524185, 0.031777273863554, -0.08448504656553268, 0.06212629750370979, 0.021945863962173462, -0.010947152972221375, -0.04756728559732437, 0.046554941684007645, -0.023738952353596687, 0.0067229000851511955]]
jaw_pose: [[[0.03811268135905266, 0.0025556564796715975, 0.012031647376716137]]]
left_hand_pose: [[[0.03690648451447487, 0.0846334770321846, -0.4637620449066162], [0.1545991748571396, -0.055757295340299606, -0.5606828331947327], [-0.1392056941986084, -0.0909222960472107, -0.07349109649658203], [-0.23102423548698425, 0.032105881720781326, -0.8068051934242249], [-0.13634242117404938, 0.04486095532774925, -0.8793062567710876], [0.009530248120427132, -0.13138625025749207, -0.42503243684768677], [-0.3668007254600525, -0.43426382541656494, -0.5530128479003906], [-0.6187736988067627, -0.121905118227005, -0.6778115034103394], [-0.34926700592041016, -0.0891127735376358, -0.4748696982860565], [-0.16186459362506866, -0.20274028182029724, -0.7928701043128967], [-0.42332732677459717, -0.14776641130447388, -0.9292730093002319], [-0.18119001388549805, -0.17846986651420593, -0.5309045910835266], [0.8204072713851929, 0.42097920179367065, -0.03892313316464424], [-0.4598380923271179, 0.07909853756427765, -0.06849589198827744], [0.5929490327835083, 0.024616146460175514, -0.02935108356177807]]]
right_hand_pose: [[[0.08301666378974915, -0.2114361971616745, 0.615147590637207], [0.22761762142181396, 0.07215442508459091, 0.9302355051040649], [-0.2414688915014267, 0.16747303307056427, 0.28909972310066223], [-0.08664077520370483, -0.20151729881763458, 0.9636006951332092], [-0.25718143582344055, -0.03967422619462013, 0.752363920211792], [0.016853734850883484, 0.17885519564151764, 0.49698445200920105], [-0.36136648058891296, 0.17923542857170105, 0.9279181361198425], [-0.431628942489624, 0.09927158802747726, 0.5410189628601074], [-0.37972620129585266, 0.1137768104672432, 0.27050697803497314], [-0.03748765587806702, -0.01622583530843258, 1.0051945447921753], [-0.4462224841117859, 0.13708312809467316, 0.7256143689155579], [-0.21140247583389282, 0.23072442412376404, 0.544236421585083], [0.848676860332489, -0.2468491792678833, 0.028821729123592377], [-0.5159773826599121, -0.20575925707817078, 0.1902015060186386], [0.6920663714408875, -0.2682839632034302, 0.3079623281955719]]]
scale: [[1.027958631515503]]
smpl_joints: [[0.05289677530527115, -0.09544007480144501, -0.06913520395755768], [0.10766369104385376, 0.00027801765827462077, -0.053138066083192825], [0.008649845607578754, 0.01142032165080309, -0.11238673329353333], [0.07149355113506317, -0.20605207979679108, -0.09982480853796005], [0.18087680637836456, 0.3795669674873352, 0.014188229106366634], [-0.12413129955530167, 0.359027624130249, -0.0864456295967102], [0.07675889134407043, -0.3436852693557739, -0.0917915552854538], [0.20619778335094452, 0.777629017829895, -0.0988808199763298], [-0.13477081060409546, 0.7791063189506531, -0.09163746982812881], [0.050758324563503265, -0.39744675159454346, -0.07612557709217072], [0.17668558657169342, 0.8471049070358276, 0.02466408722102642], [-0.268398642539978, 0.8105934262275696, -0.04983429238200188], [0.042371418327093124, -0.5625702738761902, -0.09439752995967865], [0.0844825729727745, -0.48388251662254333, -0.046542439609766006], [0.010575680993497372, -0.4808592200279236, -0.10808096081018448], [0.042649537324905396, -0.7222033739089966, -0.06783831864595413], [0.20226077735424042, -0.5111312866210938, 0.017531203106045723], [-0.06886943429708481, -0.5006725192070007, -0.19546793401241302], [0.2927427589893341, -0.2533268630504608, -0.0024640560150146484], [-0.06595922261476517, -0.2419653683900833, -0.30734968185424805], [0.2461889088153839, -0.10587457567453384, 0.20980389416217804], [-0.08248189836740494, -0.049160201102495193, -0.1353248655796051], [0.16933858394622803, -0.02934950403869152, 0.3002925515174866], [-0.006350807845592499, 0.014638158492743969, -0.041853517293930054]]
